lambda	f0	f1	fla
0.0	56875.802986720126	1.3293760181588212e8	56875.802986720126
0.00256	56849.898335644	1.3293712970921111e8	397023.4146514852
0.00512	56839.885192508176	1.329368134078523e8	737185.3496285264
0.007680000000000001	56837.2528018888	1.3293660457585227e8	1.0773538658429158e6
0.01024	56835.64085636731	1.3293643268436016e8	1.4175227145818463e6
0.0128	56836.300092033045	1.3293624052991275e8	1.7576926742337383e6
0.01536	56837.95994633037	1.3293605991647118e8	2.0978628091985523e6
0.017920000000000002	56840.375845342714	1.329358928900823e8	2.4380329969004695e6
0.02048	56843.558955675755	1.329357187693616e8	2.7782029232647894e6
0.02304	56847.011620855985	1.3293556331039084e8	3.118372635144517e6
0.0256	56850.82662390961	1.3293541179585278e8	3.458541987436169e6
0.02816	56855.16755993595	1.329352508186311e8	3.7987107890941002e6
0.03072	56859.642729764506	1.329350970199948e8	4.138879094959346e6
0.033280000000000004	56864.295596133954	1.3293495273471361e8	4.479047078849965e6
0.035840000000000004	56869.30805492564	1.3293479931037575e8	4.819214319338105e6
0.038400000000000004	56874.37934924297	1.3293464949726431e8	5.159380943877182e6
0.04096	56879.70025965259	1.3293450119474725e8	5.499547076673865e6
0.04352	56885.044833565706	1.3293435758999562e8	5.839712649999019e6
0.04608	56890.70752376385	1.3293420892534415e8	6.179877531000928e6
0.04864	56896.369820261134	1.3293406354088734e8	6.5200417810209645e6
0.0512	56902.13991408081	1.3293391814709578e8	6.8602053594817845e6
0.05376	56908.0397678401	1.329337751989696e8	7.200368418246526e6
0.05632	56913.96149031156	1.329336306994162e8	7.540530648170298e6
0.05888	56920.14900194359	1.3293348269584474e8	7.880692151760048e6
0.06144	56926.313350440614	1.3293333950171995e8	8.220853139643864e6
0.064	56932.7348523839	1.3293319074119042e8	8.561013247258019e6
0.06656000000000001	56939.10008330098	1.3293304650218906e8	8.901172808767462e6
0.06912000000000001	56945.556804702	1.3293290056354411e8	9.241331566870531e6
0.07168000000000002	56952.02656915492	1.3293275276160157e8	9.581489423256282e6
0.07424000000000003	56958.57443882801	1.3293260949850295e8	9.921646899041353e6
0.07680000000000003	56965.22500567025	1.3293246221432345e8	1.026180339378528e7
0.07936000000000004	56972.06193661977	1.3293231270336339e8	1.0601959095240254e7
0.08192000000000005	56978.89625343401	1.3293216524341178e8	1.0942114161812652e7
0.08448000000000006	56985.652012624254	1.3293201938740681e8	1.1282268501978733e7
0.08704000000000006	56992.650286306874	1.3293186763036573e8	1.1622421768552428e7
0.08960000000000007	56999.655018671154	1.329317190170929e8	1.196257450986053e7
0.09216000000000008	57006.81605389747	1.329315666180493e8	1.2302726247405805e7
0.09472000000000008	57013.8877812525	1.329314170408416e8	1.2642877354439138e7
0.09728000000000009	57021.133056354774	1.3293126490452231e8	1.2983027567144575e7
0.0998400000000001	57028.32619709631	1.3293111362245329e8	1.3323177002175327e7
0.1024000000000001	57035.693004355664	1.3293096053048937e8	1.3663325596362835e7
0.10496000000000011	57043.027357239545	1.3293080821802859e8	1.4003473421770118e7
0.10752000000000012	57050.51806706036	1.3293065433456811e8	1.4343620400417268e7
0.11008000000000012	57058.0441642264	1.3293049724325858e8	1.468376623120055e7
0.11264000000000013	57065.612623638575	1.3293034322309224e8	1.502391160266684e7
0.11520000000000014	57073.2523524257	1.329301858110963e8	1.5364055819119738e7
0.11776000000000014	57080.936894768296	1.329300288545183e8	1.5704199283674134e7
0.12032000000000015	57088.64163167595	1.3292987179543309e8	1.6044341910697082e7
0.12288000000000016	57096.44961886715	1.3292971315796918e8	1.6384483590740973e7
0.12544000000000016	57104.3250209737	1.329295529473436e8	1.6724624280205145e7
0.12800000000000017	57112.33138237329	1.3292939238813607e8	1.706476417864687e7
0.13056000000000018	57120.260232034634	1.329292315921463e8	1.7404903115726784e7
0.13312000000000018	57128.32952461733	1.329290675138421e8	1.7745040873740986e7
0.1356800000000002	57136.48168996757	1.32928905382381e8	1.8085178086135752e7
0.1382400000000002	57144.680140963035	1.3292873977167831e8	1.8425313985595115e7
0.1408000000000002	57152.89357599521	1.3292857482099526e8	1.8765449100956656e7
0.1433600000000002	57161.16296112922	1.3292841044557898e8	1.910558346011725e7
0.14592000000000022	57169.55278315027	1.3292824205408293e8	1.9445716452172842e7
0.14848000000000022	57177.97861533742	1.3292807278473061e8	1.9785848439427365e7
0.15104000000000023	57186.48495266497	1.3292790510438423e8	2.0125979825231638e7
0.15360000000000024	57194.97376914318	1.3292773603205086e8	2.0466110080321245e7
0.15616000000000024	57203.633583820665	1.3292756323326686e8	2.0806238988670357e7
0.15872000000000025	57212.30288309391	1.329273911263363e8	2.114636708574162e7
0.16128000000000026	57221.048082232606	1.3292721755695145e8	2.1486494085032694e7
0.16384000000000026	57229.88393276681	1.3292704315310521e8	2.1826620089954015e7
0.16640000000000027	57238.727495280065	1.3292686798949595e8	2.216674503669223e7
0.16896000000000028	57247.677071849204	1.3292669155211936e8	2.250686891419991e7
0.17152000000000028	57256.663079852864	1.3292651381065366e8	2.284699164903175e7
0.1740800000000003	57265.75040937852	1.3292633467451055e8	2.3187113268716946e7
0.1766400000000003	57274.891538093594	1.3292615506688938e8	2.3527233885712184e7
0.1792000000000003	57284.09380313654	1.3292597321138088e8	2.3867353183673106e7
0.1817600000000003	57293.38520689585	1.3292579069189069e8	2.4207471455669783e7
0.18432000000000032	57302.71788426725	1.329256074541485e8	2.454758864687253e7
0.18688000000000032	57312.12379042957	1.3292542263456477e8	2.488770461604398e7
0.18944000000000033	57321.60544959578	1.3292523649212946e8	2.522781940158227e7
0.19200000000000034	57331.14649278661	1.3292504969901335e8	2.5567933108576782e7
0.19456000000000034	57340.77924612928	1.3292486028763533e8	2.5908045374798376e7
0.19712000000000035	57350.49835601479	1.3292467039271793e8	2.624815659593268e7
0.19968000000000036	57360.267732685206	1.3292447900654034e8	2.6588266537497845e7
0.20224000000000036	57370.084393459874	1.3292428699280353e8	2.692837535995036e7
0.20480000000000037	57380.017933338466	1.3292409266694522e8	2.726848276845102e7
0.20736000000000038	57389.99802405604	1.3292389781488988e8	2.7608589058929402e7
0.20992000000000038	57400.06023790063	1.3292370148026903e8	2.7948694054330885e7
0.2124800000000004	57410.18798225553	1.3292350318329956e8	2.8288797627627328e7
0.2150400000000004	57420.396071249525	1.3292330395317993e8	2.8628899996191952e7
0.2176000000000004	57430.715308528575	1.3292310274604148e8	2.896900094919607e7
0.2201600000000004	57441.08801498234	1.3292290056721485e8	2.930910064695568e7
0.22272000000000042	57451.55246963497	1.3292269703407566e8	2.9649199026132986e7
0.22528000000000042	57462.03215674398	1.3292249207113072e8	2.9989295999336857e7
0.22784000000000043	57472.64736776984	1.3292228533308607e8	3.0329391569681887e7
0.23040000000000044	57483.34782317197	1.3292207761262466e8	3.0669485866433494e7
0.23296000000000044	57494.134578402234	1.3292186782433364e8	3.100957862934384e7
0.23552000000000045	57504.95371387693	1.3292165667719564e8	3.1349669967628364e7
0.23808000000000046	57515.932553474595	1.3292144315107934e8	3.1689759724740174e7
0.24064000000000046	57526.936323674825	1.3292122943768674e8	3.2029848306251746e7
0.24320000000000047	57538.04683037011	1.3292101334928106e8	3.236993524038644e7
0.24576000000000048	57549.22774573448	1.3292079610811146e8	3.2710020781064477e7
0.24832000000000048	57560.51607791993	1.3292057680440386e8	3.305010472079508e7
0.2508800000000005	57571.903315105614	1.3292035569051167e8	3.3390187099847045e7
0.2534400000000005	57583.35585398932	1.3292013281020276e8	3.373026788956421e7
0.2560000000000005	57594.89230898944	1.3291990895326072e8	3.40703472919127e7
0.2585600000000005	57606.513151341045	1.3291968342195415e8	3.441042511869147e7
0.2611200000000005	57618.239788071434	1.3291945575895467e8	3.475050125279292e7
0.2636800000000005	57630.07608484923	1.329192255412507e8	3.5090575568339854e7
0.26624000000000053	57641.997741651656	1.3291899462708181e8	3.543064852177724e7
0.26880000000000054	57654.00085286093	1.329187615136719e8	3.57707197002987e7
0.27136000000000055	57666.08013489044	1.3291852707359439e8	3.611078931932013e7
0.27392000000000055	57678.26522376603	1.3291829120900057e8	3.6450857362783186e7
0.27648000000000056	57690.54207381264	1.3291805290211576e8	3.679092352737828e7
0.27904000000000057	57702.89437789168	1.3291781369104901e8	3.713098821108108e7
0.28160000000000057	57715.37430237367	1.329175718961639e8	3.747105097085865e7
0.2841600000000006	57727.92206681278	1.3291732887914433e8	3.7811112130030036e7
0.2867200000000006	57740.59508269327	1.3291708335292731e8	3.8151171350611985e7
0.2892800000000006	57753.35063493303	1.3291683639976527e8	3.849122889508743e7
0.2918400000000006	57766.22033962399	1.3291658720305553e8	3.883128453593551e7
0.2944000000000006	57779.18541423357	1.3291633646933083e8	3.917133844979937e7
0.2969600000000006	57792.24990547077	1.3291608336339906e8	3.9511390378968604e7
0.2995200000000006	57805.41437823489	1.3291582839708869e8	3.985144045815975e7
0.3020800000000006	57818.669569952996	1.3291557149817523e8	4.019148864403512e7
0.30464000000000063	57832.06300401255	1.3291531237025972e8	4.053153486380647e7
0.30720000000000064	57845.548373121426	1.3291505143488295e8	4.087157919670903e7
0.30976000000000065	57859.15748512682	1.3291478791514322e8	4.1211621409457386e7
0.31232000000000065	57872.86771053833	1.329145225785855e8	4.155166170541109e7
0.31488000000000066	57886.68694362643	1.3291425531207909e8	4.189170003962637e7
0.31744000000000067	57900.632737336906	1.3291398569329837e8	4.2231736274361916e7
0.3200000000000007	57914.6872724838	1.329137139909799e8	4.257177046445894e7
0.3225600000000007	57928.85179079101	1.3291343992860793e8	4.291180250472902e7
0.3251200000000007	57943.13559810715	1.329131639077132e8	4.3251832513028264e7
0.3276800000000007	57957.54459995128	1.32912885455136e8	4.359186032232449e7
0.3302400000000007	57972.05768754939	1.329126046956103e8	4.393188594003525e7
0.3328000000000007	57986.71670184396	1.3291232137671486e8	4.4271909291554265e7
0.3353600000000007	58001.495872280044	1.329120358067878e8	4.4611930442381e7
0.3379200000000007	58016.404182322374	1.3291174784729446e8	4.495194933343887e7
0.3404800000000007	58031.44404589345	1.3291145706446214e8	4.5291965799285315e7
0.34304000000000073	58046.58962315799	1.3291116462571938e8	4.5631980200725704e7
0.34560000000000074	58061.88213976791	1.3291086907319315e8	4.5971992047367916e7
0.34816000000000075	58077.307389835456	1.3291057082141285e8	4.631200144923218e7
0.35072000000000075	58092.862623425906	1.329102706177405e8	4.665200864489818e7
0.35328000000000076	58108.5774073748	1.3290996682619716e8	4.699201305953993e7
0.35584000000000077	58124.4198233768	1.32909660551235e8	4.7332015036824994e7
0.3584000000000008	58140.39563355255	1.329093519496051e8	4.767201461657706e7
0.3609600000000008	58156.52245626108	1.329090403739854e8	4.8012011557504326e7
0.3635200000000008	58172.79756463637	1.3290872577895e8	4.835200581735796e7
0.3660800000000008	58189.22587687265	1.3290840845348178e8	4.869199748071858e7
0.3686400000000008	58205.76443713718	1.3290808857664071e8	4.903198656432797e7
0.3712000000000008	58222.49423125366	1.329077654804275e8	4.9371972850707404e7
0.3737600000000008	58239.366893534	1.3290743935791124e8	4.971195635553642e7
0.3763200000000008	58256.39486110049	1.3290711006188029e8	5.005193700683387e7
0.3788800000000008	58273.577878812124	1.3290677796644843e8	5.039191492062018e7
0.38144000000000083	58290.92039228267	1.3290644250426269e8	5.073188986054392e7
0.38400000000000084	58308.41414364197	1.3290610451899967e8	5.107186211840847e7
0.38656000000000085	58326.09453717853	1.3290576261077645e8	5.141183115425474e7
0.38912000000000085	58343.92643024673	1.3290541777410644e8	5.175179730203812e7
0.39168000000000086	58361.944673415	1.3290506933798856e8	5.2091760296487205e7
0.39424000000000087	58380.134289206566	1.329047178278928e8	5.24317203066156e7
0.3968000000000009	58398.4838630859	1.3290436242002513e8	5.27716769737323e7
0.3993600000000009	58417.023662081854	1.3290400414888428e8	5.311163069799093e7
0.4019200000000009	58435.731594441306	1.3290364179810788e8	5.345158095384764e7
0.4044800000000009	58454.61776038574	1.3290327664922242e8	5.379152823304626e7
0.4070400000000009	58473.69274209082	1.3290290741362864e8	5.413147199449187e7
0.4096000000000009	58492.968875945815	1.3290253464264837e8	5.447141243845325e7
0.4121600000000009	58512.39126400139	1.3290215872963579e8	5.481134966608744e7
0.4147200000000009	58532.05292248677	1.3290177800458474e8	5.515128301399598e7
0.41728000000000093	58551.91283654327	1.3290139376542743e8	5.549121296108579e7
0.41984000000000093	58571.937227661336	1.3290100595703985e8	5.583113943610573e7
0.42240000000000094	58592.187092818385	1.3290061383938244e8	5.617106213302008e7
0.42496000000000095	58612.62990867277	1.3290021777905926e8	5.6510981154091835e7
0.42752000000000095	58633.29169862461	1.3289981792122173e8	5.6850896544512466e7
0.43008000000000096	58654.148348406416	1.3289941382499486e8	5.7190808070080645e7
0.43264000000000097	58675.23406641086	1.3289900520922744e8	5.753071559452021e7
0.435200000000001	58696.543190023855	1.3289859241616285e8	5.787061922710793e7
0.437760000000001	58718.074474854344	1.3289817486480987e8	5.8210518679012045e7
0.440320000000001	58739.81197210602	1.3289775359931183e8	5.855041436281366e7
0.442880000000001	58761.79763418795	1.3289732716877027e8	5.8890305629203066e7
0.445440000000001	58784.027447377506	1.3289689590331486e8	5.923019258143392e7
0.448000000000001	58806.471546848006	1.3289646085341498e8	5.95700756346239e7
0.450560000000001	58829.16416925683	1.3289602030451891e8	5.9909954004365325e7
0.453120000000001	58852.11793794485	1.3289557481693408e8	6.0249827907307215e7
0.45568000000000103	58875.30591536427	1.3289512450157908e8	6.0589697339395545e7
0.45824000000000104	58898.748266608876	1.3289466947793362e8	6.092956232742936e7
0.46080000000000104	58922.440669919924	1.3289420943008557e8	6.126942268539279e7
0.46336000000000105	58946.400383138505	1.3289374369859655e8	6.160927807648344e7
0.46592000000000106	58970.62856086316	1.3289327300732054e8	6.194912879287271e7
0.46848000000000106	58995.13087940369	1.3289279676924585e8	6.228897452242146e7
0.47104000000000107	59019.9096578637	1.328923148257663e8	6.262881514694172e7
0.4736000000000011	59044.946703571746	1.3289182817759903e8	6.29686510848558e7
0.4761600000000011	59070.28212510807	1.3289133569627501e8	6.3308481781726874e7
0.4787200000000011	59095.96518557241	1.3289083752297701e8	6.364830728373164e7
0.4812800000000011	59122.073983680595	1.3289033727096517e8	6.3988129323987074e7
0.4838400000000011	59148.50831900762	1.328898304157328e8	6.432794564240225e7
0.4864000000000011	59175.23192202399	1.3288931713729756e8	6.466775625469683e7
0.4889600000000011	59202.29180273889	1.328887977322898e8	6.500756127838344e7
0.4915200000000011	59229.636736894136	1.3288827261123003e8	6.5347360839559905e7
0.49408000000000113	59257.34287850023	1.3288774052990396e8	6.568715431592419e7
0.49664000000000114	59285.39965276157	1.3288720108762129e8	6.60269414469256e7
0.49920000000000114	59313.74237644174	1.3288665630197659e8	6.636672314812899e7
0.5017600000000011	59342.490901693236	1.3288610249924932e8	6.670649759269034e7
0.5043200000000011	59371.543001873666	1.3288554364298712e8	6.704626665646658e7
0.5068800000000011	59400.955988316666	1.328849768755977e8	6.738602887812006e7
0.5094400000000011	59430.764737472826	1.328844028568171e8	6.772578454732665e7
0.5120000000000011	59460.924408639694	1.3288382163247931e8	6.806553360694097e7
0.5145600000000011	59491.47054734463	1.3288323267454597e8	6.840527574447703e7
0.5171200000000011	59522.40319316989	1.3288263626772888e8	6.874501104482202e7
0.5196800000000011	59553.72785554498	1.3288203252189915e8	6.908473950754428e7
0.5222400000000011	59585.43982762466	1.3288141991580068e8	6.942446027655993e7
0.5248000000000012	59617.54752842107	1.3288079989037374e8	6.97641740410538e7
0.5273600000000012	59650.09273886579	1.3288017108725512e8	7.010388004440711e7
0.5299200000000012	59683.05617315932	1.3287953370646223e8	7.044357831277451e7
0.5324800000000012	59716.444343605246	1.3287888832678288e8	7.078326908830504e7
0.5350400000000012	59750.267494760716	1.328782343679833e8	7.11229520006203e7
0.5376000000000012	59784.56882989742	1.3287757028560606e8	7.14626261701689e7
0.5401600000000012	59819.283404675145	1.328768984626237e8	7.180229277285178e7
0.5427200000000012	59854.52018572515	1.3287621603869748e8	7.214195024351259e7
0.5452800000000012	59890.20473248089	1.3287552496278793e8	7.248159952560511e7
0.5478400000000012	59926.38687102125	1.3287482353275052e8	7.28212396392698e7
0.5504000000000012	59963.05404724397	1.3287411319096605e8	7.316087128940752e7
0.5529600000000012	60000.19322419807	1.3287339286812437e8	7.350049380673717e7
0.5555200000000012	60037.87846394976	1.3287266125113931e8	7.384010641445273e7
0.5580800000000012	60076.11848767943	1.3287191849683343e8	7.417970911299504e7
0.5606400000000012	60114.87658444849	1.3287116601160769e8	7.451930258492404e7
0.5632000000000013	60154.14614028965	1.3287040378612351e8	7.485888674337901e7
0.5657600000000013	60194.02362466116	1.3286962806549625e8	7.51984594271541e7
0.5683200000000013	60234.462478729656	1.328688417645984e8	7.553802216441955e7
0.5708800000000013	60275.45931369624	1.3286804438187505e8	7.587757458182569e7
0.5734400000000013	60317.115677054644	1.3286723403954501e8	7.621711555650008e7
0.5760000000000013	60359.33725370284	1.3286641196075207e8	7.655664564838894e7
0.5785600000000013	60402.16327949262	1.328655780226346e8	7.689616470846815e7
0.5811200000000013	60445.65405951018	1.3286473067014465e8	7.723567176260708e7
0.5836800000000013	60489.828548135556	1.3286386855839914e8	7.757516592558774e7
0.5862400000000013	60534.66428944483	1.3286299445410766e8	7.791464869147265e7
0.5888000000000013	60580.12827184927	1.3286210817829335e8	7.825411984412467e7
0.5913600000000013	60626.369861302315	1.3286120578045535e8	7.859357701011036e7
0.5939200000000013	60673.31223133894	1.3286028864944418e8	7.893302085330896e7
0.5964800000000013	60720.92133260449	1.3285935844639824e8	7.927245223228393e7
0.5990400000000013	60769.31539184963	1.3285841232235181e8	7.961186938228132e7
0.6016000000000014	60818.5204421063	1.3285744993525718e8	7.995127197959504e7
0.6041600000000014	60868.459452728755	1.328564726151826e8	8.029066066617866e7
0.6067200000000014	60919.24079368582	1.3285547904545157e8	8.063003456547591e7
0.6092800000000014	60970.90697525765	1.3285446786319132e8	8.096939273245876e7
0.6118400000000014	61023.273239077986	1.3285344250411478e8	8.130873705545825e7
0.6144000000000014	61076.638441160016	1.3285239554750435e8	8.164806297616978e7
0.6169600000000014	61130.83171911065	1.3285133359826377e8	8.198737433056669e7
0.6195200000000014	61185.932745636026	1.3285025311851132e8	8.232666883567138e7
0.6220800000000014	61242.04822466188	1.3284915092044938e8	8.266594439945841e7
0.6246400000000014	61299.02025005889	1.3284803138462937e8	8.300520352433613e7
0.6272000000000014	61357.0622996532	1.3284689270506679e8	8.334444501744339e7
0.6297600000000014	61416.086648673205	1.3284573281324725e8	8.368366738839158e7
0.6323200000000014	61476.168450283854	1.3284455011621282e8	8.402286948709968e7
0.6348800000000014	61537.306015962175	1.3284334874090086e8	8.436205374979587e7
0.6374400000000014	61599.51622556698	1.3284212272292373e8	8.470121622910345e7
0.6400000000000015	61662.86301497102	1.328408750699942e8	8.504035867548187e7
0.6425600000000015	61727.39992994691	1.3283960503999543e8	8.537948045633061e7
0.6451200000000015	61793.14569418617	1.3283830776696965e8	8.571857825817162e7
0.6476800000000015	61860.12444909952	1.3283698671554457e8	8.605765411497001e7
0.6502400000000015	61928.25801942524	1.3283564195744094e8	8.639670785393147e7
0.6528000000000015	61997.76962326362	1.3283426930918792e8	8.673573663065127e7
0.6553600000000015	62068.57610432395	1.3283287173003389e8	8.70747421310638e7
0.6579200000000015	62140.80659282744	1.328314449173756e8	8.741372136715922e7
0.6604800000000015	62214.42794708389	1.3282998990832216e8	8.775267477722542e7
0.6630400000000015	62289.491510659835	1.3282850557006194e8	8.809160140023349e7
0.6656000000000015	62366.09831650609	1.3282698986007054e8	8.843049967414019e7
0.6681600000000015	62444.26408554657	1.3282544171930304e8	8.876936864376387e7
0.6707200000000015	62523.972711323535	1.3282386219446571e8	8.910820874480663e7
0.6732800000000015	62605.385565700235	1.3282224954986683e8	8.944701860850656e7
0.6758400000000016	62688.41697185631	1.328206025122466e8	8.978579707912254e7
0.6784000000000016	62773.25333886548	1.3281891991371027e8	9.012454314773503e7
0.6809600000000016	62859.89784088522	1.328172005502505e8	9.046325570850594e7
0.6835200000000016	62948.55122266248	1.3281543950889507e8	9.080193117061111e7
0.6860800000000016	63038.90512183241	1.3281364380276954e8	9.114057391330019e7
0.6886400000000016	63131.377926043104	1.3281180608546248e8	9.147917872852413e7
0.6912000000000016	63225.93840731546	1.3280992432578456e8	9.181774386376268e7
0.6937600000000016	63322.57211339691	1.328080004053584e8	9.215627026570566e7
0.6963200000000016	63421.507676493486	1.3280603102574033e8	9.249475536729492e7
0.6988800000000016	63522.7712477825	1.328040126546533e8	9.283319634096244e7
0.7014400000000016	63626.32266243986	1.3280194828862981e8	9.317159488247082e7
0.7040000000000016	63732.404445180655	1.3279983233146814e8	9.350994675306955e7
0.7065600000000016	63841.055571672405	1.3279766346590464e8	9.384825061781675e7
0.7091200000000016	63952.32245586811	1.3279544022626683e8	9.418650502480651e7
0.7116800000000016	64066.462190136925	1.3279316159958023e8	9.452470888956814e7
0.7142400000000017	64183.35104842849	1.32790823775932e8	9.48628590081175e7
0.7168000000000017	64303.267641750346	1.3278842409759232e8	9.520095307855055e7
0.7193600000000017	64426.167481733304	1.3278596444028962e8	9.553899193940903e7
0.7219200000000017	64552.40371893923	1.3278343567313258e8	9.587696861357427e7
0.7244800000000017	64682.0404615971	1.3278083665520748e8	9.621488173575293e7
0.7270400000000017	64814.96648465106	1.3277817280123273e8	9.655273464666012e7
0.7296000000000017	64951.714228400786	1.3277542953614937e8	9.689051633310215e7
0.7321600000000017	65092.08415100541	1.327726138352768e8	9.722823120945549e7
0.7347200000000017	65236.42140526737	1.3276971474527982e8	9.75658707355226e7
0.7372800000000017	65384.739812040745	1.3276673788451481e8	9.790343838633871e7
0.7398400000000017	65537.27842219605	1.3276367142649129e8	9.824092484652987e7
0.7424000000000017	65694.1683759128	1.3276051745347899e8	9.857833097523667e7
0.7449600000000017	65855.55144204566	1.3275727197297204e8	9.891565312882526e7
0.7475200000000017	66021.66585384168	1.3275392885790494e8	9.925288605005611e7
0.7500800000000017	66192.95460825834	1.3275048068730135e8	9.959002349714693e7
0.7526400000000018	66369.46017250091	1.3274692576653041e8	9.992706335858996e7
0.7552000000000018	66551.44234446879	1.3274325915832682e8	1.0026400110945459e8
0.7577600000000018	66739.37380580456	1.327394714873071e8	1.0060082886013278e8
0.7603200000000018	66932.97375003133	1.3273556660446656e8	1.0093754849585666e8
0.7628800000000018	67133.4003995993	1.3273152092857663e8	1.0127414135789552e8
0.7654400000000018	67340.36202786911	1.3272734558572471e8	1.0161061476045461e8
0.7680000000000018	67554.4796994217	1.3272302199308054e8	1.0194695352997635e8
0.7705600000000018	67776.0812205278	1.3271854566413037e8	1.0228315309102778e8
0.7731200000000018	68005.47293890831	1.327139108275391e8	1.0261920782068765e8
0.7756800000000018	68242.98197246031	1.3270911191147734e8	1.0295511219321105e8
0.7782400000000018	68489.68115170085	1.3270412642884776e8	1.0329084762367892e8
0.7808000000000018	68745.42188825847	1.3269895894891782e8	1.0362641614379318e8
0.7833600000000018	69010.9227144564	1.3269358858690307e8	1.0396180008173348e8
0.7859200000000018	69287.09451706927	1.3268800805748142e8	1.0429699227373026e8
0.7884800000000018	69574.63047156503	1.3268219586197676e8	1.0463197421908902e8
0.7910400000000019	69873.42967292991	1.3267615700914946e8	1.0496674799238229e8
0.7936000000000019	70185.05226785547	1.3266985799661979e8	1.053012855009058e8
0.7961600000000019	70510.29987153501	1.3266329054647411e8	1.0563557822100689e8
0.7987200000000019	70849.99381207903	1.3265643218625346e8	1.059696062025591e8
0.8012800000000019	71205.3020296373	1.3264926150613883e8	1.063033501772585e8
0.8038400000000019	71576.67857459994	1.3264177036684567e8	1.0663680117295466e8
0.8064000000000019	71966.3879407023	1.3263391419224429e8	1.0696992109733136e8
0.8089600000000019	72375.6532104486	1.3262567401141907e8	1.0730269189306715e8
0.8115200000000019	72805.70694273616	1.3261701956587361e8	1.0763508613774256e8
0.8140800000000019	73257.7495987532	1.3260792998538148e8	1.0796708372330502e8
0.8166400000000019	73734.1148717809	1.32598371855782e8	1.0829865427960896e8
0.8192000000000019	74237.1648493527	1.325882713893247e8	1.086297340015398e8
0.8217600000000019	74768.57213780483	1.325776288106953e8	1.0896031900177507e8
0.8243200000000019	75330.93772607806	1.3256637912765373e8	1.0929035178164749e8
0.826880000000002	75926.55882940929	1.325544842423583e8	1.0961979633618604e8
0.829440000000002	76557.56817762268	1.3254190043734562e8	1.0994861155758059e8
0.832000000000002	77230.28844966034	1.3252851373829475e8	1.1027669811872104e8
0.834560000000002	77947.3931212066	1.3251426810737257e8	1.1060400320840709e8
0.837120000000002	78716.03763097172	1.3249902613019522e8	1.1093040602231862e8
0.839680000000002	79540.38007899496	1.3248273802324775e8	1.112558573770952e8
0.842240000000002	80427.8467535793	1.3246525363427696e8	1.1158022351803753e8
0.844800000000002	81388.74588522708	1.3244638514117178e8	1.1190333770062357e8
0.847360000000002	82430.94875081364	1.3242600559840809e8	1.1222508236388466e8
0.849920000000002	83570.50280016461	1.324038389229242e8	1.1254521303843226e8
0.852480000000002	84822.92597619422	1.3237959789472641e8	1.1286347269133665e8
0.855040000000002	86211.40235536975	1.3235292381713808e8	1.1317954118549144e8
0.857600000000002	87771.28447643081	1.3232319525234064e8	1.1349287087931705e8
0.860160000000002	89546.0672387294	1.3228969371180627e8	1.1380282506519023e8
0.862720000000002	91611.784701963	1.3225115158337876e8	1.141082899598167e8
0.865280000000002	94104.71735752888	1.3220544428186883e8	1.1440740461573814e8
0.867840000000002	97241.22792343223	1.3214941481850456e8	1.1469739955677363e8
0.8704000000000021	101632.20752494132	1.3207443955072135e8	1.1497076371904336e8
0.8729600000000021	107912.09373011098	1.3197145969711965e8	1.1521951460958531e8
0.8755200000000021	117237.33958744956	1.3182599460428624e8	1.154308884999768e8
0.8780800000000021	132100.3754138565	1.3160893692509831e8	1.1557928101296106e8
0.8806400000000021	152901.2461437605	1.3131556957049093e8	1.1565999347929712e8
0.8832000000000021	175793.67492828626	1.3099229915815254e8	1.1571293131771222e8
0.8857600000000021	195360.6075567736	1.3070679420548435e8	1.1579716803125738e8
0.8883200000000021	213299.15915134034	1.3043771604839553e8	1.1589425317020501e8
0.8908800000000021	230661.3111264513	1.3017126165743338e8	1.1599214334764464e8
0.8934400000000021	246380.4119969227	1.2992211271121205e8	1.1610386667740797e8
0.8960000000000021	260060.316633349	1.2969717673852307e8	1.1623571663064681e8
0.8985600000000021	272526.7490373344	1.2948379965126278e8	1.1637660812806131e8
0.9011200000000021	284450.51009233395	1.2927296141505161e8	1.1651857745676953e8
0.9036800000000021	296300.0993034488	1.2905651015841153e8	1.1665432672551851e8
0.9062400000000022	308458.5770726865	1.2882857430370791e8	1.1677852825317886e8
0.9088000000000022	320986.07976777595	1.2858776466267028e8	1.1688983445590985e8
0.9113600000000022	333463.5333333141	1.283400582057158e8	1.169935536539561e8
0.9139200000000022	345500.07047127624	1.2809159147207393e8	1.1709520792422426e8
0.9164800000000022	357157.0792589691	1.278412956426201e8	1.1719382038980846e8
0.9190400000000022	369007.0016933336	1.275759692617637e8	1.172772935971887e8
0.9216000000000022	381883.88047886983	1.2727433322840895e8	1.1732596519953151e8
0.9241600000000022	396864.25582742237	1.2691428241399701e8	1.173192014208817e8
0.9267200000000022	413132.66569889034	1.265165694434518e8	1.1727570959637834e8
0.9292800000000022	433362.92661526694	1.260120894067373e8	1.1713116187006335e8
0.9318400000000022	476946.3307978946	1.2492135146382825e8	1.1643922080996117e8
0.9344000000000022	499283.11548811715	1.243095258824391e8	1.161875739569274e8
0.9369600000000022	524506.345870795	1.2358550275881001e8	1.1582773754493861e8
0.9395200000000022	547185.0532724881	1.2291072773912202e8	1.1551018067748211e8
0.9420800000000022	569952.7988149674	1.2221059638486508e8	1.1516517030836132e8
0.9446400000000023	600628.211803523	1.2126477970878322e8	1.145848122819107e8
0.9472000000000023	639033.2833317271	1.1999868511217591e8	1.136964954956132e8
0.9497600000000023	677181.8543174572	1.1863265349797526e8	1.1270657060259816e8
0.9523200000000023	714355.3765758738	1.1722058542124055e8	1.1166556837271121e8
0.9548800000000023	780237.6919687649	1.1454345864479756e8	1.0941046211540619e8
0.9574400000000023	822752.2191227888	1.127187414625548e8	1.0795644816035458e8
0.9600000000000023	870253.0832389124	1.1052467785194534e8	1.0613850086119734e8
0.9625600000000023	926973.1399945731	1.076815659498968e8	1.036846739950943e8
0.9651200000000023	1.0062890817585284e6	1.0333246761637025e8	9.976333050908323e7
0.9676800000000023	1.080425997830172e6	9.905674076859216e7	9.589014627520137e7
0.9702400000000023	1.145232133130371e6	9.496346251807877e7	9.217143198182292e7
0.9715200000000023	1.175564717461126e6	9.294565069548234e7	9.033203864682852e7
0.9728000000000022	1.207375586536091e6	9.074219579286359e7	8.830684868325168e7
0.9740800000000022	1.2601780304714611e6	8.690654603379841e7	8.468659217515236e7
0.9747200000000021	1.312680196154843e6	8.296208441649246e7	8.089798747780252e7
0.9772800000000021	1.383041340376778e6	7.726556264643249e7	7.554151176235905e7
0.9785600000000021	1.4156001016667841e6	7.438777671474072e7	7.282325324815656e7
0.9792000000000021	1.4306049172744793e6	7.299271509537625e7	7.150422320367189e7
0.979210000000002	1.437602811740967e6	7.229507627884796e7	7.082194940546694e7
0.979850000000002	1.4766121056068845e6	6.856741807804412e7	6.721553833769965e7
0.980170000000002	1.5101509905690872e6	6.5268746928776056e7	6.400441397132154e7
0.980250000000002	1.523097197683767e6	6.396414301449898e7	6.2730932359617e7
0.9802600000000019	1.6356650374146996e6	5.4766416475724086e7	5.371761544233196e7
0.9815400000000019	1.6638413768875357e6	5.187920643150523e7	5.0952230792597085e7
0.9828200000000018	1.7354391222328893e6	4.4036526845639065e7	4.330979415855102e7
0.9834600000000018	1.7679247805649329e6	4.0264992931438744e7	3.962825142422336e7
0.9841000000000018	1.8202349391900082e6	3.392798372772737e7	3.341747052198968e7
0.9841800000000017	1.8260974766756648e6	3.3208053972718522e7	3.2711591420951176e7
0.9841900000000017	1.8269887046251725e6	3.3098329519135848e7	3.2603929620858483e7
0.9842000000000016	1.957763728740914e6	1.74385389858101e7	1.719394273674843e7
0.9848400000000016	2.0346667389999547e6	7.669038265288651e6	7.583621192950123e6
0.9950800000000016	2.0775479999999998e6	2.077548e6	2.077548e6
