lambda	f0	f1	fla
0.0	64994.655622138016	3.047693609922971e8	64994.655622138016
0.00256	64978.63194231601	3.047681463683402e8	845018.7413474947
0.00512	64969.92964615703	3.04767785892392e8	1.6250483473754157e6
0.007680000000000001	64963.04206063075	3.047676277557888e8	2.405079507062063e6
0.01024	64958.834595792556	3.04767405615807e8	3.1851118896353953e6
0.0128	64956.31211187569	3.04767271036752e8	3.965145940587269e6
0.01536	64955.26254921602	3.047670863834228e8	4.745179996565835e6
0.017920000000000002	64954.878245782944	3.047669193384723e8	5.525214081373043e6
0.02048	64955.3495901986	3.047667498038984e8	6.305248100014431e6
0.02304	64957.305411755144	3.0476657188320714e8	7.085282505284161e6
0.0256	64959.45947245	3.04766400204033e8	7.8653163425332e6
0.02816	64961.341686717984	3.0476624602171934e8	8.645349518276436e6
0.03072	64964.17419046903	3.047660911394251e8	9.425382794562478e6
0.033280000000000004	64967.37327116322	3.047659244970331e8	1.0205415226349963e7
0.035840000000000004	64970.604067975975	3.047657768980477e8	1.098544750164421e7
0.038400000000000004	64974.1578966531	3.047656051533041e8	1.17654783881203e7
0.04096	64977.83790654869	3.0476544231661373e8	1.2545508862954397e7
0.04352	64982.06643453298	3.0476527843694794e8	1.3325538964479279e7
0.04608	64985.90195096185	3.047651312027093e8	1.4105568597409908e7
0.04864	64989.96281873247	3.0476497484256315e8	1.4885597227369502e7
0.0512	64994.64465356856	3.0476480969238895e8	1.566562517509762e7
0.05376	64998.871294430945	3.047646573217085e8	1.6445652509588692e7
0.05632	65003.43521362848	3.0476449935206896e8	1.7225679045250922e7
0.05888	65008.182238687776	3.0476433728007984e8	1.8005704679519575e7
0.06144	65013.12490039077	3.047641790984581e8	1.8785729882315777e7
0.064	65017.945820401095	3.0476402327082443e8	1.956575428662066e7
0.06656000000000001	65022.85725633041	3.047638666147014e8	2.0345777897751875e7
0.06912000000000001	65028.05633391896	3.047637053280035e8	2.1125800629351728e7
0.07168000000000002	65033.18965154793	3.047635449682808e8	2.19058225139437e7
0.07424000000000003	65038.449671298826	3.047633844147094e8	2.2685843654115736e7
0.07680000000000003	65043.78420182361	3.047632228729954e8	2.3465863938221183e7
0.07936000000000004	65049.17965735067	3.0476306373228484e8	2.4245883614553884e7
0.08192000000000005	65054.6578381312	3.047629004281875e8	2.5025902183345165e7
0.08448000000000006	65060.18608172293	3.047627365940359e8	2.580591988902571e7
0.08704000000000006	65065.714949083966	3.047625762310507e8	2.658593703027059e7
0.08960000000000007	65071.35362618638	3.0476240919608736e8	2.7365952824310727e7
0.09216000000000008	65077.064932410256	3.047622513058185e8	2.8145968642972495e7
0.09472000000000008	65082.834114332974	3.047620862923979e8	2.8925983001682978e7
0.09728000000000009	65088.6095698169	3.047619198470488e8	2.97059963523518e7
0.0998400000000001	65094.622158341765	3.0476175674705136e8	3.048600936870769e7
0.1024000000000001	65100.40981849515	3.047615949190301e8	3.126602144756179e7
0.10496000000000011	65106.547065290324	3.0476142107506776e8	3.2046031719924465e7
0.10752000000000012	65112.58962900284	3.047612533940768e8	3.2826041648923267e7
0.11008000000000012	65118.66079477436	3.047610851561359e8	3.3606050652601965e7
0.11264000000000013	65124.866556152214	3.047609159679382e8	3.4386058776215866e7
0.11520000000000014	65131.23402855819	3.047607417994171e8	3.516606557116136e7
0.11776000000000014	65137.44574895898	3.0476057452422166e8	3.5946072116109945e7
0.12032000000000015	65143.792756024755	3.047603982287308e8	3.672607680649255e7
0.12288000000000016	65150.21533283495	3.0476022544562227e8	3.750608105963084e7
0.12544000000000016	65156.61647143051	3.047600529360487e8	3.828608441079926e7
0.12800000000000017	65163.108997448355	3.0475988197346747e8	3.9066087123649664e7
0.13056000000000018	65169.71133264296	3.0475970183175987e8	3.984608782497568e7
0.13312000000000018	65176.29966354806	3.0475952666549146e8	4.062608822036262e7
0.1356800000000002	65182.935079478055	3.0475934697231513e8	4.1406087111651674e7
0.1382400000000002	65189.59157504053	3.047591694850865e8	4.218608537205412e7
0.1408000000000002	65196.39766962497	3.0475898940333027e8	4.29660824528667e7
0.1433600000000002	65203.32484486044	3.047588084567263e8	4.374607855655145e7
0.14592000000000022	65210.19460327916	3.0475862220015556e8	4.452607287445354e7
0.14848000000000022	65217.054221067665	3.047584427656015e8	4.53060672078469e7
0.15104000000000023	65224.055489661994	3.0475825904376596e8	4.608606006011899e7
0.15360000000000024	65231.14183179475	3.0475807139168e8	4.686605140420855e7
0.15616000000000024	65238.23964765067	3.0475788668346095e8	4.764604222063361e7
0.15872000000000025	65245.27612457703	3.047576980546945e8	4.842603138113927e7
0.16128000000000026	65252.48315546897	3.0475750999404305e8	4.9206019774511494e7
0.16384000000000026	65259.771959875245	3.047573207732268e8	4.998600704640753e7
0.16640000000000027	65267.01606213985	3.04757129504034e8	5.076599293406074e7
0.16896000000000028	65274.42542824979	3.04756938640392e8	5.154597801118861e7
0.17152000000000028	65281.874089736426	3.047567417809228e8	5.2325961077309825e7
0.1740800000000003	65289.31887392345	3.0475655034317297e8	5.310594403798399e7
0.1766400000000003	65296.86184219182	3.0475635444911563e8	5.388592527405826e7
0.1792000000000003	65304.390066722255	3.0475615803888273e8	5.466590536393464e7
0.1817600000000003	65312.08196964067	3.0475596118191004e8	5.54458844623749e7
0.18432000000000032	65319.776955839065	3.0475576108977044e8	5.622586191973392e7
0.18688000000000032	65327.49523241774	3.047555610457335e8	5.700583834115016e7
0.18944000000000033	65335.303602454595	3.047553594678234e8	5.778581348127257e7
0.19200000000000034	65343.20767539106	3.047551578331178e8	5.856578761576043e7
0.19456000000000034	65351.15028738942	3.047549512526502e8	5.934575974620321e7
0.19712000000000035	65359.07211322067	3.0475474715761024e8	6.01257312515265e7
0.19968000000000036	65367.18998095112	3.0475453940547335e8	6.090570109797058e7
0.20224000000000036	65375.20981572845	3.047543324512e8	6.168566992231339e7
0.20480000000000037	65383.43854554687	3.047541192170627e8	6.246563652598598e7
0.20736000000000038	65391.60905764355	3.04753911595973e8	6.324560311354453e7
0.20992000000000038	65399.814892645445	3.0475369952614504e8	6.4025567690278865e7
0.2124800000000004	65408.21899258587	3.047534841536304e8	6.4805530593584545e7
0.2150400000000004	65416.61093950119	3.047532700320871e8	6.55854926106232e7
0.2176000000000004	65425.14202741165	3.047530505349849e8	6.636545242753508e7
0.2201600000000004	65433.57393920449	3.0475283534394306e8	6.714541194762337e7
0.22272000000000042	65442.21708214824	3.047526134749186e8	6.792536899962762e7
0.22528000000000042	65450.896821418486	3.047523922402651e8	6.870532504267253e7
0.22784000000000043	65459.623101751684	3.0475217003784144e8	6.948527972399618e7
0.23040000000000044	65468.461056201486	3.047519431180533e8	7.026523222202848e7
0.23296000000000044	65477.26686568364	3.047517198389266e8	7.104518433645314e7
0.23552000000000045	65486.253372434236	3.0475148994672453e8	7.182513384323086e7
0.23808000000000046	65495.17241834649	3.047512638705501e8	7.260508298406969e7
0.24064000000000046	65504.22949694824	3.047510321891438e8	7.338502967770651e7
0.24320000000000047	65513.39297675526	3.047508002434338e8	7.416497515500805e7
0.24576000000000048	65522.581544245666	3.047505667176575e8	7.494491902843559e7
0.24832000000000048	65531.83418242201	3.047503293377547e8	7.572486075026964e7
0.2508800000000005	65541.1464131356	3.0475009308740276e8	7.650480153736876e7
0.2534400000000005	65550.5903577097	3.0474985381569725e8	7.728474039978792e7
0.2560000000000005	65560.06509345169	3.0474961218313473e8	7.806467740731218e7
0.2585600000000005	65569.6379952339	3.0474937027014816e8	7.884461312944485e7
0.2611200000000005	65579.30840617258	3.047491241176145e8	7.962454652898681e7
0.2636800000000005	65588.96266321799	3.0474887723161995e8	8.04044784134219e7
0.26624000000000053	65598.6972675321	3.0474863109355205e8	8.118440924245448e7
0.26880000000000054	65608.58239835243	3.047483804652079e8	8.196433766449772e7
0.27136000000000055	65618.52757041293	3.0474812830850214e8	8.274426438172421e7
0.27392000000000055	65628.5171439929	3.047478730530722e8	8.352418894042562e7
0.27648000000000056	65638.62242443225	3.047476173950595e8	8.430411211348274e7
0.27904000000000057	65648.78673080594	3.047473597195339e8	8.508403340542036e7
0.28160000000000057	65658.9602792876	3.0474710121010566e8	8.586395309783056e7
0.2841600000000006	65669.40909641831	3.04746838565078e8	8.664387043646032e7
0.2867200000000006	65679.82615902467	3.047465732734614e8	8.742378559536974e7
0.2892800000000006	65690.31682203583	3.047463073093831e8	8.820369920043027e7
0.2918400000000006	65700.9152731463	3.047460390884784e8	8.898361080774155e7
0.2944000000000006	65711.5185933125	3.0474577134780836e8	8.976352113231441e7
0.2969600000000006	65722.23364321647	3.047455000426361e8	9.054342905180193e7
0.2995200000000006	65733.07366201463	3.0474522439252913e8	9.132333431348929e7
0.3020800000000006	65744.01779151267	3.0474494838443726e8	9.210323807286805e7
0.30464000000000063	65755.03470618583	3.047446696530036e8	9.288313958402449e7
0.30720000000000064	65766.1776294561	3.0474438689845335e8	9.366303846306676e7
0.30976000000000065	65777.34080813639	3.0474410496608454e8	9.444293610601395e7
0.31232000000000065	65788.62154408018	3.047438190432582e8	9.522283108285403e7
0.31488000000000066	65800.02135666228	3.047435306636749e8	9.600272384601003e7
0.31744000000000067	65811.47444690458	3.0474324118443567e8	9.678261476158594e7
0.3200000000000007	65823.02705771405	3.0474294768767303e8	9.756250291845481e7
0.3225600000000007	65834.72698471983	3.0474265117610115e8	9.834238864081192e7
0.3251200000000007	65846.47873397588	3.0474235506707835e8	9.912227295097671e7
0.3276800000000007	65858.36264953601	3.047420543257879e8	9.990215425585093e7
0.3302400000000007	65870.30880909621	3.047417514965463e8	1.0068203331224765e8
0.3328000000000007	65882.35184698677	3.047414474979409e8	1.0146191043246725e8
0.3353600000000007	65894.53343125246	3.047411401475036e8	1.0224178490256678e8
0.3379200000000007	65906.82961066815	3.047408281465261e8	1.0302165624102294e8
0.3404800000000007	65919.217044163	3.0474051456700206e8	1.0380152544179805e8
0.34304000000000073	65931.63545694025	3.0474019971657264e8	1.045813925580031e8
0.34560000000000074	65944.29559538007	3.0473988005623406e8	1.0536125649447234e8
0.34816000000000075	65956.9782136863	3.0473955960048085e8	1.0614111846718244e8
0.35072000000000075	65969.77050297505	3.0473923409226537e8	1.0692097703343171e8
0.35328000000000076	65982.70430965074	3.0473890959590244e8	1.0770083431657179e8
0.35584000000000077	65995.71981220294	3.047385789933695e8	1.0848068775187507e8
0.3584000000000008	66008.8641382316	3.0473824582870835e8	1.092605385922404e8
0.3609600000000008	66022.14791697696	3.047379103287005e8	1.1004038690565282e8
0.3635200000000008	66035.51010933552	3.0473757171678597e8	1.1082023235196067e8
0.3660800000000008	66049.04259500995	3.047372296270211e8	1.1160007483094195e8
0.3686400000000008	66062.66742007602	3.0473688452911234e8	1.1237991443851456e8
0.3712000000000008	66076.43375741431	3.047365374856568e8	1.1315975157622272e8
0.3737600000000008	66090.28180212057	3.0473618650487524e8	1.1393958544613819e8
0.3763200000000008	66104.26735254073	3.047358318441219e8	1.1471941614904264e8
0.3788800000000008	66118.42447700277	3.047354733632465e8	1.1549924362367824e8
0.38144000000000083	66132.69106113543	3.0473511222194415e8	1.1627906824332142e8
0.38400000000000084	66147.08751998753	3.0473474801774895e8	1.1705888984472817e8
0.38656000000000085	66161.60544535893	3.047343798099019e8	1.1783870803456034e8
0.38912000000000085	66176.22145539234	3.0473400976433736e8	1.1861852360966188e8
0.39168000000000086	66191.03250829365	3.04733633904584e8	1.1939833505664317e8
0.39424000000000087	66205.99321947503	3.0473325510627466e8	1.2017814343555062e8
0.3968000000000009	66221.0342873523	3.0473287267051065e8	1.2095794840354103e8
0.3993600000000009	66236.24910841943	3.047324885241387e8	1.2173775075766478e8
0.4019200000000009	66251.5703179982	3.047321005746159e8	1.2251754960212567e8
0.4044800000000009	66267.09458235875	3.047317073054709e8	1.2329734435108282e8
0.4070400000000009	66282.75906196242	3.047313107065261e8	1.2407713573479804e8
0.4096000000000009	66298.56726405383	3.047309092518768e8	1.248569231036817e8
0.4121600000000009	66314.47161844758	3.0473050601469487e8	1.256367076580131e8
0.4147200000000009	66330.60597320918	3.047300961265178e8	1.2641648744265373e8
0.41728000000000093	66346.93144739614	3.0472968288023543e8	1.2719626375615795e8
0.41984000000000093	66363.31996662609	3.047292683698698e8	1.2797603737611827e8
0.42240000000000094	66379.90588456433	3.0472884659351766e8	1.2875580583474107e8
0.42496000000000095	66396.67255325746	3.047284201956171e8	1.2953557018891475e8
0.42752000000000095	66413.61635401976	3.047279914905838e8	1.3031533138914502e8
0.43008000000000096	66430.68450223804	3.0472755909678996e8	1.3109508879205923e8
0.43264000000000097	66447.95209401626	3.0472711935528034e8	1.3187484082796884e8
0.435200000000001	66465.42630412875	3.0472667590182513e8	1.3265458902525117e8
0.437760000000001	66483.00881571611	3.0472623008337903e8	1.3343433388817686e8
0.440320000000001	66500.80331632175	3.047257778936313e8	1.342140736917241e8
0.442880000000001	66518.78263564673	3.047253216069889e8	1.3499380937748554e8
0.445440000000001	66536.93060951584	3.0472486014173895e8	1.357735404217753e8
0.448000000000001	66555.27567022627	3.0472439312528104e8	1.3655326663229617e8
0.450560000000001	66573.82788788878	3.047239216082946e8	1.3733298844382825e8
0.453120000000001	66592.60115146285	3.0472344434733486e8	1.381127052643824e8
0.45568000000000103	66611.49027453753	3.0472296403498787e8	1.3889241821784982e8
0.45824000000000104	66630.64300291012	3.047224772304527e8	1.396721257832362e8
0.46080000000000104	66649.96692755588	3.0472198467475045e8	1.4045182820029268e8
0.46336000000000105	66669.49529680976	3.047214880344707e8	1.4123152621360874e8
0.46592000000000106	66689.27442036015	3.0472098408360887e8	1.4201121831191778e8
0.46848000000000106	66709.21993178893	3.0472047742182916e8	1.42790906547157e8
0.47104000000000107	66729.37903134136	3.0471996357986945e8	1.4357058881699443e8
0.4736000000000011	66749.81553550469	3.0471944290153843e8	1.4435026526106682e8
0.4761600000000011	66770.44437518048	3.047189175743857e8	1.451299368218013e8
0.4787200000000011	66791.28676258284	3.0471838601781833e8	1.4590960271641392e8
0.4812800000000011	66812.38730062266	3.0471784852929544e8	1.4668926306172022e8
0.4838400000000011	66833.66709834481	3.0471730560160303e8	1.4746891800788942e8
0.4864000000000011	66855.2279925932	3.0471675663298744e8	1.4824856727138242e8
0.4889600000000011	66877.01384405642	3.047162023286887e8	1.4902821111979082e8
0.4915200000000011	66899.06530423128	3.0471563913777953e8	1.4980784778572762e8
0.49408000000000113	66921.36524378859	3.047150709157637e8	1.5058747909516498e8
0.49664000000000114	66943.91102390946	3.0471449538948965e8	1.5136710387728947e8
0.49920000000000114	66966.71323000746	3.047139140887323e8	1.521467228430811e8
0.5017600000000011	66989.7799247962	3.047133257188396e8	1.52926335300635e8
0.5043200000000011	67013.15844971078	3.0471272805092436e8	1.5370594009302285e8
0.5068800000000011	67036.71996629113	3.0471212707813543e8	1.544855401207154e8
0.5094400000000011	67060.61797100144	3.0471151663770765e8	1.55265132292666e8
0.5120000000000011	67084.79049034495	3.047108995180119e8	1.5604471793098173e8
0.5145600000000011	67109.24181753772	3.047102746207924e8	1.568242964192232e8
0.5171200000000011	67134.00479691042	3.0470964286173123e8	1.5760386818489516e8
0.5196800000000011	67159.06737183438	3.047090023580291e8	1.5838343218866098e8
0.5222400000000011	67184.42907297534	3.047083531924081e8	1.5916298840403745e8
0.5248000000000012	67210.1096211574	3.047076965961278e8	1.5994253741774023e8
0.5273600000000012	67236.07866103116	3.0470703301149356e8	1.6072207938915995e8
0.5299200000000012	67262.36784535635	3.047063608176212e8	1.615016134183509e8
0.5324800000000012	67289.02327574004	3.047056791793555e8	1.6228113901358545e8
0.5350400000000012	67315.95690796169	3.047049897457095e8	1.6306065694086868e8
0.5376000000000012	67343.27518939473	3.047042895552963e8	1.6384016559537524e8
0.5401600000000012	67370.93596349952	3.047035827169297e8	1.6461966709157056e8
0.5427200000000012	67398.91227362544	3.047028658405811e8	1.6539915952360502e8
0.5452800000000012	67427.27193327187	3.0470214009274095e8	1.6617864347886366e8
0.5478400000000012	67455.97983316399	3.047014035065976e8	1.6695811779289615e8
0.5504000000000012	67485.09475249735	3.0470065786967355e8	1.6773758339006943e8
0.5529600000000012	67514.56069478593	3.0469990261129594e8	1.6851703985715556e8
0.5555200000000012	67544.42096000533	3.0469913659868175e8	1.6929648650752836e8
0.5580800000000012	67574.70481347847	3.046983606726506e8	1.700759237377444e8
0.5606400000000012	67605.35121120683	3.0469757403673476e8	1.708553509950635e8
0.5632000000000013	67636.43020850947	3.0469677721766204e8	1.7163476852170274e8
0.5657600000000013	67667.94049952291	3.046959672240424e8	1.7241417454315713e8
0.5683200000000013	67699.8661908881	3.0469514854020005e8	1.7319357149660417e8
0.5708800000000013	67732.24297036514	3.0469431630121434e8	1.7397295655014107e8
0.5734400000000013	67765.04820175268	3.04693473556037e8	1.747523313349352e8
0.5760000000000013	67798.31424499539	3.0469261829705447e8	1.7553169462434363e8
0.5785600000000013	67832.04994117604	3.046917508063209e8	1.763110464856326e8
0.5811200000000013	67866.26398067406	3.046908709151838e8	1.770903867268882e8
0.5836800000000013	67900.99886373208	3.0468997794027996e8	1.7786971486802995e8
0.5862400000000013	67936.18153672546	3.0468907192839324e8	1.786490308017743e8
0.5888000000000013	67971.87860029103	3.0468815334060836e8	1.7942833472343102e8
0.5913600000000013	68008.13266943143	3.0468721995057356e8	1.8020762523330563e8
0.5939200000000013	68044.89340160784	3.0468627196444416e8	1.8098690231543562e8
0.5964800000000013	68082.16365599543	3.046853123242164e8	1.817661676098275e8
0.5990400000000013	68120.00784635344	3.04684335631615e8	1.825454178151091e8
0.6016000000000014	68158.43600157513	3.046833447389573e8	1.8332465451586014e8
0.6041600000000014	68197.4265768651	3.046823383138542e8	1.8410387678503478e8
0.6067200000000014	68237.04873736696	3.046813153621456e8	1.8488308392304885e8
0.6092800000000014	68277.24525777872	3.04680277637247e8	1.856622768440894e8
0.6118400000000014	68318.07152143389	3.04679222905573e8	1.8644145408518797e8
0.6144000000000014	68359.56493760111	3.046781505032756e8	1.872206151174529e8
0.6169600000000014	68401.63889188242	3.046770621556411e8	1.879997608313059e8
0.6195200000000014	68444.394080727	3.0467595595344007e8	1.8877888995533544e8
0.6220800000000014	68487.81457669492	3.0467483160857886e8	1.8955800216195e8
0.6246400000000014	68531.90768935146	3.0467368973976344e8	1.9033709769591653e8
0.6272000000000014	68576.70149965216	3.046725291694048e8	1.911161756893702e8
0.6297600000000014	68622.19767104542	3.046713494353763e8	1.9189523570288873e8
0.6323200000000014	68668.4545627286	3.046701495333299e8	1.9267427697028923e8
0.6348800000000014	68715.47281509322	3.0466892950770104e8	1.9345329935928392e8
0.6374400000000014	68763.23326100624	3.046676896051444e8	1.942323028597548e8
0.6400000000000015	68811.81509122637	3.046664270577966e8	1.950112855704231e8
0.6425600000000015	68861.22609992813	3.0466514221039116e8	1.9579024753536654e8
0.6451200000000015	68911.45633420045	3.0466383600577754e8	1.9656918918167153e8
0.6476800000000015	68962.53132367882	3.046625072297466e8	1.9734810956159866e8
0.6502400000000015	69014.50843107108	3.0466115380916226e8	1.9812700716733897e8
0.6528000000000015	69067.41336249681	3.0465977509668225e8	1.9890588138903406e8
0.6553600000000015	69121.2224635875	3.046583725536027e8	1.9968473297483936e8
0.6579200000000015	69175.99136238432	3.0465694458402914e8	2.0046356070385015e8
0.6604800000000015	69231.7653740179	3.0465548858925366e8	2.0124236267241052e8
0.6630400000000015	69288.56780595293	3.0465400428897905e8	2.0202113847957304e8
0.6656000000000015	69346.34930771499	3.046524946732844e8	2.0279988987374705e8
0.6681600000000015	69405.26413553472	3.046509533511677e8	2.035786124339674e8
0.6707200000000015	69465.24781311376	3.046493846138348e8	2.0435730876499164e8
0.6732800000000015	69526.3769100248	3.046477835128007e8	2.0513597534136295e8
0.6758400000000016	69588.67496889443	3.046461513023445e8	2.059146127610549e8
0.6784000000000016	69652.13633566267	3.0464448746500087e8	2.066932204233026e8
0.6809600000000016	69716.89127548198	3.046427886910855e8	2.074717958640746e8
0.6835200000000016	69782.88302200432	3.046410561979657e8	2.0825033961925277e8
0.6860800000000016	69850.21900810619	3.046392876088899e8	2.0902884982345867e8
0.6886400000000016	69918.80058088012	3.046374845406428e8	2.098073272718176e8
0.6912000000000016	69988.93251304382	3.046356394766542e8	2.1058576658862388e8
0.6937600000000016	70060.36306052751	3.0463376067425275e8	2.113641730909537e8
0.6963200000000016	70133.3486104622	3.0463183677854526e8	2.1214253868094316e8
0.6988800000000016	70207.85765343433	3.0462987241470265e8	2.1292086622328448e8
0.7014400000000016	70283.9475202584	3.046278667276167e8	2.1369915481279162e8
0.7040000000000016	70361.62789898683	3.046258150007176e8	2.1447740080236378e8
0.7065600000000016	70441.02229114612	3.046237188306013e8	2.1525560499053124e8
0.7091200000000016	70522.1528038896	3.046215729497238e8	2.1603376329391623e8
0.7116800000000016	70605.0490796374	3.0461937997375685e8	2.168118771874744e8
0.7142400000000017	70689.81806469204	3.046171367741613e8	2.175899440919876e8
0.7168000000000017	70776.55687457451	3.046148375600373e8	2.1836795948394212e8
0.7193600000000017	70865.25343054465	3.0461248752338564e8	2.1914592664954597e8
0.7219200000000017	70956.01643943225	3.04610078831596e8	2.199238395591578e8
0.7244800000000017	71048.8089453732	3.046076135675961e8	2.2070169924529314e8
0.7270400000000017	71143.86473688934	3.046050887284972e8	2.214795031384857e8
0.7296000000000017	71241.29696856954	3.046024954837801e8	2.2225724435166675e8
0.7321600000000017	71341.03864104627	3.0459984052846235e8	2.2303492722510913e8
0.7347200000000017	71443.20747496522	3.0459712009286916e8	2.2381254852871233e8
0.7372800000000017	71548.00091701806	3.045943245803228e8	2.2459010071738183e8
0.7398400000000017	71655.41274325368	3.045914587881583e8	2.2536758674201086e8
0.7424000000000017	71765.6097623064	3.0458851559787256e8	2.261450008009359e8
0.7449600000000017	71878.59162633687	3.045854955588134e8	2.2692234268750253e8
0.7475200000000017	71994.68271616711	3.045823904536047e8	2.2769960572937128e8
0.7500800000000017	72113.7588514119	3.045792033577573e8	2.2847679152519926e8
0.7526400000000018	72236.1343388639	3.04575924231082e8	2.2925389194347218e8
0.7552000000000018	72361.8838186536	3.0457255055865085e8	2.3003090437105244e8
0.7577600000000018	72491.04019952135	3.0456908478479403e8	2.30807829916104e8
0.7603200000000018	72623.86319957025	3.045655187864674e8	2.3158466173125908e8
0.7628800000000018	72760.62802054905	3.0456184055881906e8	2.3236138992562866e8
0.7654400000000018	72901.26239322004	3.045580565172049e8	2.3313801850063682e8
0.7680000000000018	73046.07109188585	3.04554157285136e8	2.339145394834783e8
0.7705600000000018	73195.25674961068	3.045501357219502e8	2.346909465016151e8
0.7731200000000018	73348.90601365268	3.0454599241483265e8	2.3546723905555233e8
0.7756800000000018	73507.39550657204	3.045417116973381e8	2.362434041083518e8
0.7782400000000018	73670.86494022548	3.045372949705848e8	2.370194416889176e8
0.7808000000000018	73839.6264797516	3.045327325865964e8	2.377953432497394e8
0.7833600000000018	74013.7348291573	3.0452801829731303e8	2.3857110274889708e8
0.7859200000000018	74193.6851567449	3.045231417450882e8	2.3934671094441864e8
0.7884800000000018	74379.60742013545	3.045181008159245e8	2.4012216490590224e8
0.7910400000000019	74571.89917983738	3.045128817529929e8	2.4089745252594072e8
0.7936000000000019	74770.64888581549	3.045074830896844e8	2.4167257124190414e8
0.7961600000000019	74976.45704073606	3.0450188534653044e8	2.4244750423849744e8
0.7987200000000019	75189.75182681881	3.0449607782545483e8	2.4322224147399557e8
0.8012800000000019	75410.5179703761	3.044900632074113e8	2.4399678342496616e8
0.8038400000000019	75639.7779709369	3.04483811802374e8	2.4477110477806768e8
0.8064000000000019	75877.62675725983	3.044773214702845e8	2.4554520194217822e8
0.8089600000000019	76124.79044476947	3.044705680547266e8	2.4631905361351877e8
0.8115200000000019	76381.66812120796	3.044635472211585e8	2.4709265425772262e8
0.8140800000000019	76648.98267390109	3.044562367683443e8	2.4786598380723304e8
0.8166400000000019	76927.81189740574	3.044486014128291e8	2.4863901134136283e8
0.8192000000000019	77217.97152814687	3.044406534469467e8	2.494117443129916e8
0.8217600000000019	77520.68989608374	3.0443235778135204e8	2.501841516181715e8
0.8243200000000019	77836.71584128716	3.044236917765033e8	2.509562119594468e8
0.826880000000002	78167.38983282394	3.044146140530982e8	2.5172788840675429e8
0.829440000000002	78513.04974382622	3.044051280509754e8	2.5249918059636593e8
0.832000000000002	78875.49033166826	3.04395172146902e8	2.532700343085988e8
0.834560000000002	79255.94608990052	3.0438471299853694e8	2.540404181837807e8
0.837120000000002	79655.47675035859	3.0437373471833307e8	2.5481031509146467e8
0.839680000000002	80075.39831129601	3.0436218608489186e8	2.5557967809961987e8
0.842240000000002	80518.06476810425	3.043500294093786e8	2.5634847129965344e8
0.844800000000002	80984.68339407678	3.043372091756044e8	2.57116643134414e8
0.847360000000002	81477.76920854142	3.043236682302475e8	2.578841402782751e8
0.849920000000002	81999.66748562444	3.0430933867597383e8	2.5865089963758054e8
0.852480000000002	82554.04967310082	3.042941289034597e8	2.5941683738102975e8
0.855040000000002	83143.68638900142	3.042779785860873e8	2.6018189531902766e8
0.857600000000002	83771.9561669593	3.0426078925955194e8	2.6094598199555054e8
0.860160000000002	84444.869058926	3.042424207252743e8	2.6170896938154176e8
0.862720000000002	85166.90699594759	3.042227710396349e8	2.6247076074430683e8
0.865280000000002	85945.55274366388	3.042016435640727e8	2.632311767279871e8
0.867840000000002	86788.57820748424	3.0417887324496025e8	2.6399006333540282e8
0.8704000000000021	87705.87143875142	3.04154198478853e8	2.647471810369327e8
0.8729600000000021	88706.40984129476	3.041274506768484e8	2.6550236860516846e8
0.8755200000000021	89802.90217389984	3.0409836063378215e8	2.662553753673522e8
0.8780800000000021	91018.31003995318	3.0406643408696115e8	2.6700575139543954e8
0.8806400000000021	92379.39152908376	3.0403111144868934e8	2.677529843903473e8
0.8832000000000021	93927.13610396178	3.039915770866671e8	2.68496331572442e8
0.8857600000000021	95722.91675045919	3.039466951407316e8	2.6923476007386464e8
0.8883200000000021	97887.89440975903	3.0389419860895944e8	2.699662266283592e8
0.8908800000000021	100627.63626932344	3.0383050983043534e8	2.7068750508540857e8
0.8934400000000021	104515.66490226764	3.037465073737737e8	2.71390416737277e8
0.8960000000000021	111531.04475606662	3.036130595068375e8	2.7204890054678166e8
0.8985600000000021	126880.18334816619	3.0334609998413944e8	2.7258754232754785e8
0.9011200000000021	151602.15480039435	3.029200463279073e8	2.729823025680711e8
0.9036800000000021	178459.99806680426	3.0244132471840394e8	2.733273655885417e8
0.9062400000000022	205269.91270656456	3.0194058529326695e8	2.736498821231863e8
0.9088000000000022	234720.68498836362	3.013685242786308e8	2.7390512139089125e8
0.9113600000000022	263625.4795130581	3.0078745702265805e8	2.7414902459467435e8
0.9139200000000022	290066.256366348	3.0023827790229416e8	2.7441873584381336e8
0.9164800000000022	314998.1846226013	2.9970164263273287e8	2.7469687008842736e8
0.9190400000000022	340976.0859562256	2.991230448358516e8	2.749336485498607e8
0.9216000000000022	369031.90801974037	2.9847736124841595e8	2.751056682281295e8
0.9241600000000022	401269.45549621247	2.9771836674353236e8	2.7516983808520836e8
0.9267200000000022	435222.21286340675	2.968872230362891e8	2.7516322041594917e8
0.9292800000000022	468728.2166328509	2.9603038984798455e8	2.75128269137416e8
0.9318400000000022	502094.3763612138	2.9514368020527726e8	2.7506090971517897e8
0.9344000000000022	537180.0043150883	2.941801073138868e8	2.7491713128237957e8
0.9369600000000022	576157.0370658695	2.930839240249424e8	2.746442343940273e8
0.9395200000000022	620072.4491194625	2.918057424285829e8	2.7419483310822564e8
0.9420800000000022	665170.9731239264	2.904158208257586e8	2.736334631862946e8
0.9446400000000023	714756.2105956769	2.8880221744910336e8	2.728536955949402e8
0.9472000000000023	767970.3869245482	2.8697295055874985e8	2.718613276056781e8
0.9497600000000023	823542.4279170713	2.8495906987767434e8	2.706841009785992e8
0.9523200000000023	881439.1302892443	2.827474392671188e8	2.6930806838059545e8
0.9548800000000023	952268.2506357396	2.7989424278566945e8	2.673083808946494e8
0.9574400000000023	1.0232997544054374e6	2.768343689454136e8	2.6509584984064493e8
0.9600000000000023	1.1059895287194331e6	2.7303526361404055e8	2.6215809265062833e8
0.9625600000000023	1.2035390192115423e6	2.6832241572442865e8	2.5832148498058596e8
0.9651200000000023	1.2975561549202062e6	2.6335964291322228e8	2.5421891732709333e8
0.9676800000000023	1.4338978661724075e6	2.5552329197448993e8	2.473111227569097e8
0.9702400000000023	1.5824331889974037e6	2.4626586119307482e8	2.3898408237567404e8
0.9728000000000023	1.7605266449889205e6	2.3415995617894685e8	2.2783869169562373e8
0.9753600000000023	1.9552577178090562e6	2.1949161009634686e8	2.141315143737402e8
0.9779200000000023	2.1388386980851004e6	2.0430481618963307e8	1.9984099140662017e8
0.9792000000000023	2.2183975523535875e6	1.970767524024892e8	1.9302369862160683e8
0.9804800000000022	2.3709107173702074e6	1.8220637538591212e8	1.786959871155826e8
0.9817600000000022	2.4977251601076974e6	1.690784502053183e8	1.6604001778049403e8
0.9824000000000022	2.5766080473100888e6	1.6046725117749974e8	1.5768837585840875e8
0.9827200000000021	2.617306858791962e6	1.558526177940026e8	1.5320471162104246e8
0.9830400000000021	2.7065321482670936e6	1.4559966388650647e8	1.4317619637222624e8
0.9833600000000021	2.74840909102589e6	1.407214961302205e8	1.384256239618886e8
0.9835200000000022	2.7721289559937227e6	1.379337322126265e8	1.3570626899095747e8
0.9835300000000021	2.7818449185230196e6	1.3683734105814734e8	1.3462944703672802e8
0.9835400000000021	2.825865302881147e6	1.3206742667261145e8	1.2994011057246594e8
0.9837000000000021	2.8551447112795985e6	1.2855842816206342e8	1.2650946464181592e8
0.9837100000000021	2.8942873057724927e6	1.245008228454054e8	1.2251985238146503e8
0.984990000000002	3.0267511421185066e6	1.078901732330319e8	1.063161732674475e8
0.985310000000002	3.0698187384375366e6	1.0223888454887587e8	1.0078209097212072e8
0.9854700000000021	3.0946471209404008e6	9.893625533872375e7	9.754367677131955e7
0.985790000000002	3.1933720708819656e6	8.57492478231431e7	8.457612882870364e7
0.986430000000002	3.277710009550372e6	7.384220271990192e7	7.288464255382259e7
0.987070000000002	3.372906524567765e6	5.967509648458782e7	5.894710916840487e7
0.987390000000002	3.480407421823861e6	4.317077333301386e7	4.267027781887384e7
0.992510000000002	3.480407421823861e6	4.317077333301386e7	4.287349249233913e7
0.993790000000002	3.480407421823861e6	4.317077333301386e7	4.292429616070545e7
0.993950000000002	3.480407421823861e6	4.317077333301386e7	4.2930646619251244e7
0.994030000000002	3.480407421823861e6	4.317077333301386e7	4.293382184852414e7
0.994070000000002	3.480407421823861e6	4.317077333301386e7	4.293540946316058e7
0.994090000000002	3.480407421823861e6	4.317077333301386e7	4.2936203270478815e7
0.994100000000002	3.480407421823861e6	4.317077333301386e7	4.293660017413792e7
0.9941100000000019	3.714188e6	3.714188e6	3.714188e6
