lambda	f0	f1	fla
0.0	56.5759913519515	10421.984097696379	56.5759913519515
0.00512	57.584057760834895	10421.997410866466	110.64985412873574
0.01024	59.85084276636441	10421.999957931566	165.95924970565608
0.015360000000000002	65.27333566765667	10421.999849446282	224.35265491929636
0.02048	73.14641630705191	10421.999594508452	285.0909293966166
0.0256	80.08545013298554	10421.999144249323	344.83844070236376
0.03072	84.90223089278729	10421.998560275199	402.457830131415
0.035840000000000004	88.06046496819336	10421.99778047433	458.42877835593333
0.04096	90.15901855924238	10421.996845694966	513.3510959587217
0.04608	91.60213136750895	10421.99572251056	567.6266680473808
0.0512	92.63118874535778	10421.994423016029	621.4945863400162
0.05632	93.39087200384506	10421.992911730766	675.0977388812653
0.06144	93.96951702522063	10421.991150686057	728.5231661973424
0.06656000000000001	94.42216686481521	10421.989148036717	781.825025131617
0.07168000000000001	94.7856107326285	10421.986838711478	835.0393947541526
0.07680000000000001	95.08336330935944	10421.984254964398	888.1893517884665
0.08192	95.3330515546408	10421.98130702987	941.2920766431716
0.08704	95.54596053690958	10421.978016038014	994.3586066477258
0.09216	95.73099296355176	10421.974327708882	1047.3975786936815
0.09728	95.89473926436482	10421.970185107179	1100.4153586359537
0.1024	96.0418507935221	10421.96556404867	1153.4164390308495
0.10752	96.17666094885114	10421.96034652199	1206.4049228216752
0.11264	96.30117192405797	10421.954585748463	1259.3827724572388
0.11776	96.41849501431595	10421.948131739451	1312.3528650350681
0.12288	96.5301198862545	10421.940968874402	1365.3166050099182
0.128	96.63820114109345	10421.932944122922	1418.2759282427676
0.13312000000000002	96.74331397861428	10421.924083006486	1471.2313779516048
0.13824000000000003	96.84719191627282	10421.914212151252	1524.1844567935568
0.14336000000000004	96.95088931193601	10421.903220452454	1577.136055504241
0.14848000000000006	97.05549410053581	10421.890962200609	1630.0870644040353
0.15360000000000007	97.16170913559156	10421.877330748799	1683.0380286153809
0.15872000000000008	97.27066511065856	10421.86212090137	1735.9898209737612
0.1638400000000001	97.38306529635055	10421.845179664986	1788.9429381145087
0.1689600000000001	97.5003300347216	10421.826190808828	1841.8984274711158
0.17408000000000012	97.62280610219223	10421.805023139632	1894.856446444071
0.17920000000000014	97.7515192124951	10421.781393304867	1947.8176726498496
0.18432000000000015	97.88409557894953	10421.755755574006	2000.7801199492399
0.18944000000000016	98.01994683262588	10421.728230757522	2053.74324413936
0.19456000000000018	98.16083780685557	10421.69838430788	2106.7083028540965
0.1996800000000002	98.3079928655907	10421.665853054705	2159.676090388155
0.2048000000000002	98.4619214159468	10421.630415035583	2212.64682890925
0.20992000000000022	98.62375517780649	10421.59166870658	2265.621179585769
0.21504000000000023	98.7953150345528	10421.548989596988	2318.600265212461
0.22016000000000024	98.97736063534576	10421.501992864145	2371.584383666841
0.22528000000000026	99.1716201719419	10421.449996619056	2424.5744928179506
0.23040000000000027	99.37996580774603	10421.392224810275	2477.5715902819315
0.23552000000000028	99.60388627954966	10421.327963098109	2530.5763408518596
0.2406400000000003	99.8460998241132	10421.256072853246	2583.590195733847
0.2457600000000003	100.08968789911489	10421.181711002153	2636.6012634969206
0.2508800000000003	100.33794620141755	10421.103937789232	2689.611718170972
0.25600000000000034	100.59280267162279	10421.022119589588	2742.622707802626
0.26112000000000035	100.8545729337637	10420.936089439618	2795.6342585237758
0.26624000000000037	101.12330155748279	10420.84573578476	2848.6462024461566
0.2713600000000004	101.39896218567435	10420.750936751634	2901.658314003897
0.2764800000000004	101.68010435445294	10420.65207531446	2954.6694748854798
0.2816000000000004	101.9665174586174	10420.549071768786	3007.679364752365
0.2867200000000004	102.25845617288402	10420.441632661246	3060.6879365356313
0.29184000000000043	102.55407416824018	10420.330287501882	3113.6938842675345
0.29696000000000045	102.85607570431013	10420.213707841767	3166.698598143854
0.30208000000000046	103.16319568713162	10420.092156139355	3219.701096060544
0.3072000000000005	103.47735334517076	10419.964544386778	3272.702218433157
0.3123200000000005	103.80123964669924	10419.82936987383	3325.703145279242
0.3174400000000005	104.13633606614923	10419.685593785198	3378.7042924364896
0.3225600000000005	104.48536388028946	10419.531559691033	3431.706664801008
0.3276800000000005	104.8518974456178	10419.365117317204	3484.7115893331447
0.33280000000000054	105.23974047180505	10419.18388463609	3537.7203516496847
0.33792000000000055	105.65293467046592	10418.985238277899	3590.7341867054956
0.34304000000000057	106.09827293474969	10418.764992650713	3643.7554644661195
0.3481600000000006	106.58101663557207	10418.519516669203	3696.785524807287
0.3532800000000006	107.10898565403355	10418.243613593775	3749.8266270125914
0.3584000000000006	107.68995107085806	10417.931823912659	3802.8806382973657
0.3635200000000006	108.32080703696869	10417.584616098427	3855.944386906997
0.36864000000000063	109.03037347931193	10417.212974971193	3909.038807693286
0.37376000000000065	120.88454456232348	10411.332525374166	3967.0423818705644
0.37888000000000066	128.85461311680587	10407.5190854363	4023.235008389223
0.3840000000000007	131.29712348603354	10406.367972451877	4076.9243294889243
0.3891200000000007	132.49659547471038	10405.78253316115	4130.0376195472645
0.3942400000000007	133.25233883953734	10405.395799271912	4182.9421766804035
0.3993600000000007	133.8166816166767	10405.091065598781	4235.752819603777
0.40448000000000073	134.27408416676042	10404.832126730633	4288.509401223003
0.40960000000000074	134.67122183653748	10404.596984596525	4341.232814263036
0.41472000000000075	134.98687423734944	10404.405987391176	4393.920368844512
0.41984000000000077	135.24589439924253	10404.2462215997	4446.582991771091
0.4249600000000008	135.46622695901732	10404.10753315707	4499.22803644095
0.4300800000000008	135.6577264038557	10403.984444728421	4551.859681420893
0.4352000000000008	135.82757780100007	10403.872810092686	4604.48086289435
0.4403200000000008	135.980530042799	10403.769905445784	4657.09354782025
0.44544000000000084	136.12077411949033	10403.673153937361	4709.699306185571
0.45056000000000085	136.25078735608705	10403.581112528056	4762.2991386655785
0.45568000000000086	136.37347060030064	10403.491833598284	4814.893966251231
0.4608000000000009	136.48971608929202	10403.40489895762	4867.4842323550265
0.4659200000000009	136.60183460041353	10403.318617205996	4920.0705179520155
0.4710400000000009	136.71184310562822	10403.2314089469	4972.653219399511
0.4761600000000009	136.8178765532062	10403.145091800727	5025.2322433654745
0.48128000000000093	136.92246274294914	10403.057562137026	5077.80796337934
0.48640000000000094	137.02516927813673	10402.969297061532	5130.38039303199
0.49152000000000096	137.12645276073593	10402.87995485064	5182.949614107975
0.49664000000000097	137.22687334170385	10402.78905271835	5235.5156741073315
0.501760000000001	137.32785319839806	10402.695192201656	5288.078569216683
0.506880000000001	137.42828544292584	10402.599454081208	5340.6382474023085
0.512000000000001	137.52940865119635	10402.500568531654	5393.194642510001
0.517120000000001	137.6312717159857	10402.398425272047	5445.747662162907
0.522240000000001	137.73467024631324	10402.292103710968	5498.297144298905
0.527360000000001	137.83884324671246	10402.182343947728	5550.843031776411
0.5324800000000011	137.94536996772467	10402.067303206957	5603.385016978962
0.5376000000000011	138.05356553155346	10401.947613302948	5655.923005613466
0.5427200000000011	138.164231785808	10401.822217515035	5708.456693800785
0.5478400000000011	138.2776665296711	10401.690586427248	5760.985800566371
0.5529600000000011	138.39330488911412	10401.553226816779	5813.510215318247
0.5580800000000011	138.5124465455903	10401.408359455167	5866.029397622178
0.5632000000000011	138.63510900017764	10401.255712221728	5918.543032734567
0.5683200000000012	138.76120322256622	10401.09515010086	5971.05083191245
0.5734400000000012	138.8903428430298	10400.926951795067	6023.552615880498
0.5785600000000012	139.01592600436933	10400.759955123189	6076.050551491366
0.5836800000000012	139.1389619094584	10400.59313128832	6128.544531492525
0.5888000000000012	139.26077320832673	10400.424846734935	6181.034179700807
0.5939200000000012	139.38166289539984	10400.254761738313	6233.519413760196
0.5990400000000012	139.50165146725996	10400.082890366612	6286.000236817541
0.6041600000000013	139.6207007936436	10399.90929678177	6338.476658945843
0.6092800000000013	139.7378373153893	10399.735473176208	6390.949196892681
0.6144000000000013	139.85291133425238	10399.56169016199	6443.417985046029
0.6195200000000013	139.9656841107351	10399.388345454436	6495.883211266398
0.6246400000000013	140.0761096898155	10399.215515447902	6548.344948102561
0.6297600000000013	140.18388811543255	10399.04368730979	6600.803435256084
0.6348800000000013	140.28897605010366	10398.872928957955	6653.258756072254
0.6400000000000013	140.39170463206648	10398.702645313138	6705.710706667966
0.6451200000000014	140.49202312234868	10398.532886312565	6758.159344783635
0.6502400000000014	140.59089709786335	10398.36184376864	6810.603877461083
0.6553600000000014	140.68833276214386	10398.189393765844	6863.044228101543
0.6604800000000014	140.78476467475858	10398.014613114938	6915.479934972543
0.6656000000000014	140.88100518872793	10397.835783579427	6967.910105685592
0.6707200000000014	140.97781355423453	10397.651189175891	7020.333780051207
0.6758400000000014	141.0757636436205	10397.459390890497	7072.750074282164
0.6809600000000015	141.1758783090052	10397.25793115749	7125.157513016724
0.6860800000000015	141.28575927249136	10397.029950192009	7177.5467337785685
0.6912000000000015	141.57146760957988	10396.40835558433	7229.714724577742
0.6963200000000015	142.50870584354286	10394.334057551254	7281.059734744671
0.7014400000000015	144.3955362737701	10390.185352312803	7331.202344836204
0.7065600000000015	146.2264423251321	10386.27635855877	7381.436111139187
0.7116800000000015	147.30989411796816	10383.935468973623	7432.511583231256
0.7168000000000015	147.97859416355834	10382.441307528092	7484.041467103272
0.7219200000000016	148.48081809469005	10381.268167045402	7535.734661049204
0.7270400000000016	148.90826572598738	10380.224257799551	7587.484244603167
0.7321600000000016	149.30838466940108	10379.20463208472	7639.229221177018
0.7372800000000016	149.64498404367774	10378.320387058318	7691.042785178329
0.7424000000000016	149.94741374059896	10377.502218318537	7742.884100659277
0.7475200000000016	150.23172712356205	10376.70945079744	7794.728355124275
0.7526400000000016	150.5075937375922	10375.915786227179	7846.558815732971
0.7577600000000017	150.78319073045296	10375.096825033637	7898.359090260051
0.7628800000000017	151.0643097676824	10374.23351916015	7950.115636229025
0.7680000000000017	151.35629272769674	10373.306644449662	8001.814162850183
0.7731200000000017	151.66465019715426	10372.294733461946	8053.438180170848
0.7782400000000017	151.9946770747294	10371.17516811254	8104.969702420013
0.7833600000000017	152.35109002890857	10369.925424159333	8156.390120413336
0.7884800000000017	152.73960182106006	10368.517418869782	8207.676095007655
0.7936000000000017	153.1613344733109	10366.938172788978	8258.814633360642
0.7987200000000018	153.6179009087516	10365.172118014973	8309.79048519585
0.8038400000000018	154.1188002047394	10363.170359977577	8360.562806012555
0.8089600000000018	154.6736000865238	10360.87844963895	8411.085075180474
0.8140800000000018	155.295182329774	10358.222127719899	8461.293950032985
0.8192000000000018	155.9977499070235	10355.11383168315	8511.113644098044
0.8243200000000018	156.79819739999263	10351.445163931397	8560.449584851178
0.8294400000000018	157.70488549619313	10347.13826516901	8609.228507932032
0.8345600000000019	158.74760923022518	10342.00178927686	8657.284217729963
0.8396800000000019	159.96878391003548	10335.757213745941	8704.374812674669
0.8448000000000019	161.35867117323306	10328.3778701454	8750.456490464938
0.8499200000000019	162.8828027061972	10319.978382761865	8795.60147810713
0.8550400000000019	164.42279344071127	10311.173495563007	8840.300513783377
0.8601600000000019	166.02013515315758	10301.67570350987	8884.305628830887
0.8652800000000019	167.76994608331555	10290.806213794489	8927.03076780846
0.870400000000002	169.81062421180374	10277.526792900153	8967.566777438162
0.875520000000002	172.02400079866726	10262.44662266501	9006.390814695105
0.880640000000002	174.6812609683094	10243.447574785554	9041.639627568347
0.885760000000002	178.35093412197722	10215.828180176737	9069.146779587461
0.890880000000002	181.65562453858274	10189.860547026357	9097.765225884512
0.891520000000002	182.35468752144027	10184.297208976941	9099.286484249467
0.891840000000002	182.72514729922997	10181.330970668165	9099.8817648126
0.8919200000000019	182.90836727171163	10179.868060054412	9099.396656458477
0.891960000000002	183.0343817296973	10178.859292776666	9098.910369387171
0.891980000000002	183.12438729387839	10178.138027936431	9098.476654474243
0.891990000000002	183.1775174227961	10177.715394969795	9098.205358815963
0.8920000000000019	201.31546536210638	10046.483846376288	8983.205661226775
0.8971200000000019	204.06462391242886	10025.142834769485	9014.75030843653
0.9022400000000019	204.9036651353165	10018.056179080246	9058.722389317008
0.9073600000000019	205.73868993212005	10010.343000425073	9102.044457101025
0.912480000000002	206.98236123881034	9997.950575053555	9141.045036980508
0.917600000000002	209.97249043368578	9965.83060146103	9161.947893112396
0.922720000000002	212.6658256079569	9935.502721339873	9184.12188603773
0.927840000000002	214.8419318364573	9909.107438056724	9209.569239127888
0.932960000000002	218.5865235792812	9859.206936905664	9212.899744396282
0.938080000000002	221.39596305993092	9820.038410691515	9225.690470334188
0.943200000000002	222.97391955690293	9796.055994660335	9252.30493279448
0.948320000000002	223.4106072559514	9788.984053519169	9294.635217816305
0.9534400000000021	223.7238660299436	9783.215196473473	9338.125280128043
0.9585600000000021	224.1693147590226	9773.667764848753	9377.936549077054
0.9636800000000021	225.393230642534	9743.03925373634	9397.358350177592
0.9662400000000021	227.33149004584018	9689.825425531146	9370.371630269183
0.9688000000000021	233.65527665359681	9497.567995259484	9208.533918439
0.9739200000000021	239.09201802825302	9317.266349536432	9080.507562970717
0.9764800000000021	243.37004558780094	9146.354692997338	8936.956494090284
0.9777600000000021	249.808318726211	8870.733739333104	8679.004357978823
0.9780800000000021	255.60199920913198	8613.71374141615	8430.50393202699
0.978720000000002	260.3982817213795	8398.285485485885	8225.111245789794
0.979360000000002	268.2862668066879	8032.684701665659	7872.427517970186
0.980640000000002	276.5484968250027	7632.926978640679	7490.507491232743
0.9809600000000019	278.12608623248445	7552.451215413296	7413.948064953708
0.981120000000002	279.48502206404766	7482.421941745806	7346.430492702229
0.981200000000002	282.6647279273875	7317.183118933698	7184.934173182793
0.9824800000000019	289.1929195271113	6966.585544133918	6849.59762535082
0.9825600000000019	289.3132167882101	6959.889704399351	6843.554850455425
0.9826000000000019	289.36853303505615	6956.792564858578	6840.779386704861
0.9826200000000019	293.0628951812321	6748.197538314566	6636.007298216921
0.9832600000000019	296.96619520564525	6526.994337180197	6422.703666083555
0.983420000000002	297.57393191742074	6491.2008483141	6388.510514040255
0.983460000000002	297.7809516620324	6478.933258639886	6376.696999482485
0.983470000000002	297.8514163041038	6474.752702825188	6372.648524559007
0.9834800000000019	302.2552107736414	6212.742514059964	6115.101263809685
0.9841200000000019	307.57781119996554	5893.672274374211	5804.965094299015
0.9844400000000019	309.4353057662651	5777.0592069208	5691.982979018845
0.9850800000000018	319.31504776912095	5144.9270054275485	5072.928875019294
0.9851600000000018	320.02327278659345	5098.054918903858	5027.148929275487
0.9851700000000018	320.1322664228666	5090.823104468962	5020.073759340747
0.9851800000000017	324.233261489723	4818.2744920118785	4751.672800975548
0.9853400000000018	328.61444393413996	4526.755562245519	4465.210813451082
0.9856600000000018	333.9076988433263	4166.6370524499325	4111.675713519221
0.9857400000000017	334.0779976720185	4154.916834218046	4100.431672408906
0.9857600000000017	334.1234662987895	4151.777054154328	4097.4136670632715
0.9857700000000017	346.7066153554647	3280.643062200211	3238.893146561615
0.9860900000000017	348.1663310274306	3178.604460966122	3139.23306657868
0.9861700000000017	348.61339669323763	3146.821952748529	3108.1227284182887
0.9861800000000016	352.7588830109273	2851.1949305051075	2816.666544328742
0.9865000000000016	352.9979396612918	2834.1469294788367	2800.651418116304
0.9866600000000016	352.999759142141	2834.017175742196	2800.9204034047552
0.9866800000000017	352.99986859385706	2834.009369828971	2800.9623232725235
0.9866900000000016	352.99986859385706	2834.009369828971	2800.987133367536
0.9867000000000016	385.99999999999994	386.0	386.0
