lambda	f0	f1	fla
0.0	232313.06166626798	1.4639184449285553e6	232313.06166626798
0.02048	233845.79701911216	1.4619334776328309e6	258997.03271808111
0.04096	236229.920020686	1.4594775674902424e6	286334.143661039
0.06144000000000001	241502.61511479312	1.4564626150031132e6	316149.7575079315
0.08192	246506.7922681683	1.4541763084605257e6	345439.0790346462
0.1024	250472.99700774744	1.4530716855657315e6	373619.10271608504
0.12288	257595.49318263007	1.4520723179707574e6	404372.80541259516
0.14336000000000002	267196.42790904234	1.4506398888947894e6	436854.882475959
0.16384	278362.1461008304	1.448639915378634e6	470100.45581930573
0.18432	285967.25931097165	1.4466805616449444e6	499909.93519716954
0.2048	292536.20872641006	1.4429982413827032e6	528150.833014419
0.22528	298162.53377609624	1.439502855011819e6	555283.6813440798
0.24576	302929.6367862914	1.4365415165114142e6	581526.0923475376
0.26624000000000003	306853.18143507495	1.4339219470009143e6	606923.9695793241
0.30720000000000003	311520.2772250208	1.432050969004698e6	655747.3057397377
0.34816	315353.1560320159	1.4307548012657627e6	703691.3928365972
0.38912	319668.8394562073	1.4289446082015582e6	751310.2265903982
0.43008	327260.68188916333	1.4237508156137327e6	798839.158601426
0.47104	335719.3383697992	1.4175238011314133e6	845292.5125090298
0.512	343554.0453112859	1.4101136348843551e6	889632.5551726974
0.55296	349142.4600266565	1.4041290339984028e6	932507.8359700734
0.59392	353762.9940527908	1.3984857069518166e6	974244.7076977801
0.63488	356263.88749924605	1.3948322447693078e6	1.0156301661628628e6
0.67584	358335.8583991428	1.3909564089995557e6	1.0562221313169259e6
0.7168	360082.25882275484	1.3864738412230448e6	1.0957997450872827e6
0.75776	362454.45152608544	1.3791176922613583e6	1.1328411888256457e6
0.79872	365317.3838799109	1.3687277675398365e6	1.1667613255167666e6
0.83968	371971.79642842046	1.3388963439686578e6	1.183879000507007e6
0.88064	380439.69641674194	1.2873814200131106e6	1.1791288558846482e6
0.90112	384311.89513943385	1.2544816872406644e6	1.1684392981976948e6
0.9113600000000001	387141.06410651543	1.2269983367527132e6	1.1525533881053543e6
0.9164800000000001	390966.8041922981	1.186335281428039e6	1.11990610620931e6
0.9216000000000001	399978.5843230282	1.0840963735704538e6	1.0304615388934556e6
0.9241600000000001	404461.81831700867	1.0305728283493277e6	983088.5693484766
0.9292800000000001	418149.6742491645	860200.8668555659	828939.0065144413
0.9395200000000001	428762.0203077423	714356.1197534064	697083.3886189327
0.9497600000000002	429111.4377979031	708019.9733471759	694007.6085211805
0.9548800000000002	429770.2754140524	694361.4810158825	682423.125819128
0.9600000000000002	434207.5630924994	590685.1935837022	584426.0883640542
0.9651200000000002	437369.85326909	513287.6457376722	510639.63313636807
0.9676800000000002	437669.06351128506	504208.34214476915	502057.79265933495
0.9680000000000002	437669.06351128506	504208.34214476915	502079.0852284977
0.9680100000000001	439798.0	439798.0	439798.0
