lambda	f0	f1	fla
0.0	35523.102792027435	3.701375119519852e7	35523.102792027435
0.00512	35542.93489916505	3.7013246090278864e7	224868.77505470914
0.01024	35555.53878337555	3.701299058880642e7	414204.4736956116
0.015360000000000002	35566.29873853532	3.701280444109915e7	603536.6766051946
0.02048	35575.93850056735	3.70126572149657e7	792866.5630425733
0.0256	35585.08569590139	3.701253215016271e7	982194.9305462518
0.03072	35593.83060727773	3.701242181226513e7	1.171521986203807e6
0.035840000000000004	35602.45619692263	3.701231868693897e7	1.3608479659067178e6
0.04096	35611.00141098068	3.701222073695801e7	1.5501729361789874e6
0.04608	35619.54907448855	3.701212564823896e7	1.7394969501239874e6
0.0512	35628.11242536557	3.701203208717552e7	1.9288199959325735e6
0.05632	35636.73240873561	3.7011939115194514e7	2.1181420826072306e6
0.06144	35645.4215147739	3.701184620955505e7	2.3074631979319686e6
0.06656000000000001	35654.18737326244	3.7011753020195596e7	2.496783325685917e6
0.07168000000000001	35663.04427548575	3.701165917338865e7	2.686102446810318e6
0.07680000000000001	35671.979933940434	3.701156476662548e7	2.8754205459518507e6
0.08192	35680.99863196216	3.7011470263080485e7	3.0647376551755853e6
0.08704	35690.12761853164	3.701137457241902e7	3.254053701693966e6
0.09216	35699.36911996226	3.701127766970453e7	3.4433686653018356e6
0.09728	35708.72424351865	3.7011179546561725e7	3.632682525838634e6
0.1024	35718.19483512878	3.7011080176658586e7	3.8219952617738512e6
0.10752	35727.78198799323	3.701097955247352e7	4.0113068523505973e6
0.11264	35737.487549846264	3.7010877650678165e7	4.200617275524621e6
0.11776	35747.31460860281	3.7010774439125426e7	4.389926508791705e6
0.12288	35757.264393444144	3.701066990168038e7	4.579234529263264e6
0.128	35767.34021576473	3.701056400387395e7	4.7685413131640125e6
0.13312000000000002	35777.54372835311	3.701045672444918e7	4.95784683626591e6
0.13824000000000003	35787.877631036856	3.701034803532272e7	5.147151073830336e6
0.14336000000000004	35798.34454590827	3.701023791056888e7	5.3364540007309625e6
0.14848000000000006	35808.94680551767	3.701012632160875e7	5.5257555906163035e6
0.15360000000000007	35819.68734172764	3.701001323243575e7	5.715055815868172e6
0.15872000000000008	35830.568661601086	3.700989861741628e7	5.904354649359946e6
0.1638400000000001	35841.59340256041	3.700978245143155e7	6.093652063582034e6
0.1689600000000001	35852.76461489197	3.7009664695105836e7	6.282948028390645e6
0.17408000000000012	35864.08535850045	3.700954531698459e7	6.472242514159974e6
0.17920000000000014	35875.558595975715	3.700942428665967e7	6.661535490664995e6
0.18432000000000015	35887.187599611825	3.7009301565239735e7	6.850826925686245e6
0.18944000000000016	35898.975461518006	3.7009177113652416e7	7.040116785960407e6
0.19456000000000018	35910.92449935423	3.700905091269415e7	7.22940504060254e6
0.1996800000000002	35923.039512193536	3.70089229081834e7	7.418691653288468e6
0.2048000000000002	35935.32317723533	3.700879306138607e7	7.607976587962412e6
0.20992000000000022	35947.77963892808	3.700866133617066e7	7.797259809426077e6
0.21504000000000023	35960.411701808414	3.700852769884996e7	7.986541281130156e6
0.22016000000000024	35973.22377891437	3.7008392101469666e7	8.175820963891319e6
0.22528000000000026	35986.219917297676	3.7008254492791295e7	8.365098816430361e6
0.23040000000000027	35999.403147901736	3.700811484401156e7	8.554374800722899e6
0.23552000000000028	36012.778519749954	3.7007973096626915e7	8.74364887264036e6
0.2406400000000003	36026.349501049786	3.70078292159734e7	8.932920991288967e6
0.2457600000000003	36040.12090177615	3.700768314218661e7	9.12219110981275e6
0.2508800000000003	36054.09797374965	3.7007534815559655e7	9.311459180401715e6
0.25600000000000034	36068.28373782486	3.700738420454572e7	9.50072515946466e6
0.26112000000000035	36082.68355711854	3.700723125111974e7	9.689988997519083e6
0.26624000000000037	36097.302455130724	3.7007075894723795e7	9.879250642860753e6
0.2713600000000004	36112.14622367744	3.700691807480458e7	1.0068510043003405e7
0.2764800000000004	36127.218325992624	3.700675774689726e7	1.0257767146865392e7
0.2816000000000004	36142.526295245334	3.70065948266229e7	1.0447021894067528e7
0.2867200000000004	36158.0736971761	3.7006429280627824e7	1.0636274234148346e7
0.29184000000000043	36173.86666610785	3.700626102945414e7	1.0825524104254184e7
0.29696000000000045	36189.91223795105	3.7006090003226906e7	1.1014771443258047e7
0.30208000000000046	36206.21517591321	3.700591614235058e7	1.1204016189976852e7
0.3072000000000005	36222.78232692591	3.7005739370562606e7	1.1393258278232943e7
0.3123200000000005	36239.61992765769	3.7005559612972e7	1.1582497640155284e7
0.3174400000000005	36256.735903625886	3.700537678321847e7	1.177173420372327e7
0.3225600000000005	36274.135661351575	3.700519082638434e7	1.196096790342098e7
0.3276800000000005	36291.8264978706	3.7005001648039915e7	1.2150198660820786e7
0.33280000000000054	36309.81581294677	3.700480917188406e7	1.2339426401513435e7
0.33792000000000055	36328.1126077408	3.700461329119612e7	1.2528651040156348e7
0.34304000000000057	36346.72313966215	3.7004413935635515e7	1.271787249971426e7
0.3481600000000006	36365.656032476385	3.7004211011945575e7	1.2907090695147201e7
0.3532800000000006	36384.92077060298	3.700400440470645e7	1.309630553205548e7
0.3584000000000006	36404.52480579189	3.700379402955945e7	1.3285516923309524e7
0.3635200000000006	36424.47741717702	3.700357978946325e7	1.347472477645219e7
0.36864000000000063	36444.789030768756	3.7003361546686254e7	1.366392898257291e7
0.37376000000000065	36465.46929704764	3.700313920667812e7	1.3853129445380623e7
0.37888000000000066	36486.52560432792	3.700291268239558e7	1.404232606788942e7
0.3840000000000007	36507.97200364972	3.70026818017087e7	1.4231518722610414e7
0.3891200000000007	36529.817864382436	3.70024464761176e7	1.4420707307923902e7
0.3942400000000007	36552.07520861482	3.7002206551965505e7	1.4609891696125278e7
0.3993600000000007	36574.75434835282	3.7001961911160275e7	1.479907176929279e7
0.40448000000000073	36597.86730780068	3.700171242232834e7	1.4988247402522534e7
0.40960000000000074	36621.428912721225	3.70014579078646e7	1.517741845069144e7
0.41472000000000075	36645.45157908712	3.700119823542662e7	1.5366584782096364e7
0.41984000000000077	36669.94785438503	3.700093324869912e7	1.5555746252081068e7
0.4249600000000008	36694.93276616536	3.7000662768598035e7	1.5744902704281306e7
0.4300800000000008	36720.420203151	3.700038665496495e7	1.5934053994449537e7
0.4352000000000008	36746.426762226954	3.700010468274472e7	1.6123199939765837e7
0.4403200000000008	36772.96802324714	3.69998167173334e7	1.6312340391719524e7
0.44544000000000084	36800.06237649148	3.699952250753498e7	1.650147514834792e7
0.45056000000000085	36827.72179982003	3.69992219217435e7	1.6690604052526474e7
0.45568000000000086	36855.97029809514	3.6998914688984886e7	1.6879726887229323e7
0.4608000000000009	36884.823196153084	3.699860061861026e7	1.7068843461723007e7
0.4659200000000009	36914.30390450481	3.699827945230292e7	1.7257953553846326e7
0.4710400000000009	36944.428765516765	3.69979509777406e7	1.7447056953594774e7
0.4761600000000009	36975.222489416345	3.699761493300794e7	1.763615342704995e7
0.48128000000000093	37006.703904678245	3.699727107826396e7	1.7825242741996348e7
0.48640000000000094	37038.89837069618	3.6996919121038385e7	1.8014324638676293e7
0.49152000000000096	37071.836330541126	3.699655868922944e7	1.8203398814267445e7
0.49664000000000097	37105.532756907785	3.6996189641524345e7	1.8392465064535204e7
0.501760000000001	37140.02111648574	3.6995811551882416e7	1.8581523048393633e7
0.506880000000001	37175.32830182382	3.6995424096775524e7	1.877057246406581e7
0.512000000000001	37211.48614755587	3.699502695043575e7	1.895961300386315e7
0.517120000000001	37248.521281318084	3.699461974940278e7	1.9148644330767527e7
0.522240000000001	37286.471241034735	3.699420206667977e7	1.9337666071803e7
0.527360000000001	37325.36579121434	3.699377354620921e7	1.9526677878216486e7
0.5324800000000011	37365.244488678705	3.6993333709780425e7	1.971567933288727e7
0.5376000000000011	37406.14379373937	3.699288215859543e7	1.9904670049351167e7
0.5427200000000011	37448.10423299586	3.6992418385587834e7	2.0093649575329933e7
0.5478400000000011	37491.16418432025	3.699194192516126e7	2.0282617469077967e7
0.5529600000000011	37535.372893962274	3.6991452193918765e7	2.047157321824788e7
0.5580800000000011	37580.77442695441	3.699094867008871e7	2.0660516329637907e7
0.5632000000000011	37627.41811183887	3.6990430756466135e7	2.084944625827302e7
0.5683200000000012	37675.35281930128	3.6989897880215295e7	2.1038362459589034e7
0.5734400000000012	37724.6383508537	3.698934931772333e7	2.1227264294490248e7
0.5785600000000012	37775.33357257409	3.698878437423572e7	2.141615112413869e7
0.5836800000000012	37827.4931229865	3.6988202356405735e7	2.1605022293323904e7
0.5888000000000012	37881.19009196083	3.698760240511953e7	2.1793877041500237e7
0.5939200000000012	37936.4843105475	3.6986983786318235e7	2.1982714657918997e7
0.5990400000000012	37993.45250982565	3.6986345617638186e7	2.2171534333508365e7
0.6041600000000013	38052.17988307989	3.698568676625733e7	2.2360335091586992e7
0.6092800000000013	38112.7409673945	3.6985006440766044e7	2.254911613438076e7
0.6144000000000013	38175.220621366185	3.698430356839264e7	2.2737876477492087e7
0.6195200000000013	38239.72130473347	3.698357682621828e7	2.292661496454082e7
0.6246400000000013	38306.33125701913	3.6982825269535966e7	2.311533064086363e7
0.6297600000000013	38375.1670695854	3.698204738243349e7	2.3304022181417204e7
0.6348800000000013	38446.33732405238	3.698124184051915e7	2.349268834639261e7
0.6400000000000013	38519.971587674714	3.6980407129255e7	2.3681327752494812e7
0.6451200000000014	38596.184129488785	3.697954175312687e7	2.3869938989601128e7
0.6502400000000014	38675.13180550709	3.6978643839940645e7	2.405852038458335e7
0.6553600000000014	38756.951860722	3.697771166567173e7	2.4247070313103955e7
0.6604800000000014	38841.81259134685	3.697674313895694e7	2.4435586880629346e7
0.6656000000000014	38929.87058934334	3.6975736386849545e7	2.462406828781219e7
0.6707200000000014	39021.304615862035	3.697468904889053e7	2.481251237405582e7
0.6758400000000014	39116.35175850874	3.697359838662613e7	2.5000916690203495e7
0.6809600000000015	39215.24575071481	3.6972461500248015e7	2.518927861521325e7
0.6860800000000015	39318.16164474493	3.697127593705234e7	2.5377595752196442e7
0.6912000000000015	39425.400491172215	3.697003813649085e7	2.5565864923614208e7
0.6963200000000015	39537.229549634445	3.696874488470137e7	2.575408310398495e7
0.7014400000000015	39653.940642904214	3.69673922610937e7	2.5942246708139967e7
0.7065600000000015	39775.90090867487	3.696597567246957e7	2.61303516115028e7
0.7116800000000015	39903.404370234755	3.69644917153718e7	2.6318394413543887e7
0.7168000000000015	40036.929752757365	3.6962933945205666e7	2.650636951042946e7
0.7219200000000016	40176.789424181494	3.696129881079921e7	2.66942731990953e7
0.7270400000000016	40323.50036860065	3.695957930881191e7	2.688209924333928e7
0.7321600000000016	40477.64633360639	3.695776836983505e7	2.706984122245248e7
0.7372800000000016	40639.75761716195	3.695585957975532e7	2.7257493028083242e7
0.7424000000000016	40810.38016328529	3.695384545147151e7	2.7445047617102567e7
0.7475200000000016	40990.22278243348	3.695171695478698e7	2.763249666949053e7
0.7526400000000016	41180.17439233033	3.694946269536774e7	2.781982993097932e7
0.7577600000000017	41380.89597987433	3.694707477514406e7	2.800703948985539e7
0.7628800000000017	41593.6063319298	3.694453725786217e7	2.8194111259211384e7
0.7680000000000017	41819.07054626049	3.694184092618231e7	2.8381035855674807e7
0.7731200000000017	42058.687483002715	3.693896613273877e7	2.8567795771559205e7
0.7782400000000017	42313.6926355215	3.693589874626031e7	2.875437732476854e7
0.7833600000000017	42585.38953549606	3.6932622230120696e7	2.8940764648976382e7
0.7884800000000017	42875.817001157295	3.692910747684265e7	2.912693175615304e7
0.7936000000000017	43186.02234044256	3.692534272737305e7	2.931286558345438e7
0.7987200000000018	43518.94781219624	3.692129299214933e7	2.9498534632505216e7
0.8038400000000018	43876.341606741305	3.691693097662115e7	2.968391257941679e7
0.8089600000000018	44261.002322597014	3.6912220464209296e7	2.986896548861053e7
0.8140800000000018	44675.94119410166	3.690712639553272e7	3.005365960706215e7
0.8192000000000018	45124.39563729637	3.690160246078688e7	3.0237951226607904e7
0.8243200000000018	45610.69333220014	3.689559489236512e7	3.042178966827908e7
0.8294400000000018	46139.72884837813	3.6889038461830795e7	3.0605113653933384e7
0.8345600000000019	46717.0672571198	3.688186928160136e7	3.0787861699260317e7
0.8396800000000019	47349.6296894687	3.6873992623250335e7	3.0969945218522727e7
0.8448000000000019	48048.80683155645	3.686527232329554e7	3.11512392335404e7
0.8499200000000019	48828.00977862903	3.685554159321258e7	3.1331590018610884e7
0.8550400000000019	49704.85760208401	3.684457966469971e7	3.151079461266291e7
0.8601600000000019	50704.966310394615	3.6832078185898766e7	3.16885709548716e7
0.8652800000000019	51845.29559660934	3.681784740261872e7	3.1864731598760772e7
0.870400000000002	53162.97908955811	3.680143415367545e7	3.203885820944919e7
0.875520000000002	54665.894607807924	3.67827888481225e7	3.2210872102869064e7
0.880640000000002	56405.527325667135	3.676132296964734e7	3.23802240237319e7
0.885760000000002	58455.02685547742	3.6736255298491485e7	3.254618339545986e7
0.890880000000002	60982.8827115828	3.6705716176808394e7	3.2707042879756622e7
0.896000000000002	64363.651636664465	3.66656976995845e7	3.2859158958598e7
0.901120000000002	69786.71557937829	3.660397652034853e7	3.2991475832453027e7
0.906240000000002	81325.1986632043	3.648079081426381e7	3.3067976918145176e7
0.9113600000000021	106400.87183601355	3.622961994494278e7	3.302765780630267e7
0.9164800000000021	142383.70140864784	3.586367908797863e7	3.288023649729238e7
0.9216000000000021	167094.45070982698	3.559036931647311e7	3.2813184566997346e7
0.9267200000000021	186936.0196143876	3.534853247065441e7	3.2771890682722274e7
0.9318400000000021	206280.5607849542	3.5090787457183965e7	3.271305946712548e7
0.9369600000000021	226948.92105669962	3.479294792230342e7	3.2613907345264904e7
0.9420800000000021	249884.36964388052	3.443532235449154e7	3.2455301786409236e7
0.9472000000000022	280417.09602118016	3.39222271763862e7	3.2145939604143e7
0.9523200000000022	310910.62972655956	3.334294741417299e7	3.1767979900290657e7
0.9574400000000022	350745.9804272326	3.25006328022411e7	3.1132333619104773e7
0.9625600000000022	388361.106952954	3.1593233368837558e7	3.0424922951352667e7
0.9676800000000022	440840.40841740783	3.01275576778857e7	2.916808297573655e7
0.9702400000000022	469300.0961272708	2.925153843673452e7	2.8394979023718115e7
0.9728000000000022	505955.4611477742	2.8031387778286092e7	2.7282696019259993e7
0.9740800000000022	522136.20406128536	2.7444679177556932e7	2.6746846863683984e7
0.9747200000000021	529331.5876006365	2.7170700224638388e7	2.649720642549413e7
0.9748800000000022	531616.8145759823	2.708267056631064e7	2.6415708096067127e7
0.9749000000000022	532007.623417306	2.7067705085313264e7	2.6401659079019733e7
0.9749100000000022	580591.0524340251	2.5577360965332404e7	2.4950192008217838e7
0.9774700000000022	633290.1698779485	2.340095180486568e7	2.2887996388229456e7
0.9800300000000022	685136.5568849981	2.1013199290253468e7	2.0607247877468143e7
0.9813100000000021	725064.3889036676	1.9014478662182588e7	1.867264950941504e7
0.9819500000000021	740526.5286041574	1.818591185630337e7	1.7871022651138436e7
0.9820300000000021	743772.184417771	1.8008451562065408e7	1.7698205273649115e7
0.9820700000000021	745467.656476837	1.791537372654953e7	1.7607517310713165e7
0.9821100000000021	767463.5470466695	1.6699889020662166e7	1.6414857928939218e7
0.9827500000000021	780798.8518473603	1.5951266987529527e7	1.5689576412189042e7
0.9829100000000022	783442.0659548411	1.5799226456665542e7	1.5542606701428328e7
0.9829200000000021	803069.0591468778	1.4709768597292196e7	1.4472242169180704e7
0.9854800000000021	845592.1789442346	1.2000022393622052e7	1.1838060066904955e7
0.9861200000000021	872271.6375491573	1.0119380572724812e7	9.991030700704593e6
0.987400000000002	902820.0392413142	7.869799437497348e6	7.782015497079336e6
0.988040000000002	910152.8352525247	7.269849130594902e6	7.19378716290262e6
0.988680000000002	934350.9779852228	5.225847688887965e6	5.177267946120555e6
0.989960000000002	950972.4496934533	3.6977436944799647e6	3.670166111182314e6
0.9906000000000019	970799.7342352726	1.6769815392092913e6	1.6703434302425368e6
0.9957200000000019	977413.9999999999	977414.0	977414.0
