lambda	f0	f1	fla
0.0	53547.19995529437	1.3324255057742247e8	53547.19995529437
0.00256	53561.00470296711	1.3324129582949877e8	394521.6058544444
0.00512	53570.036331175645	1.3324076523442745e8	735488.4757454286
0.007680000000000001	53575.785230975256	1.3324047677419962e8	1.0764511848262546e6
0.01024	53580.28962527686	1.3324031078146206e8	1.4174124098616855e6
0.0128	53584.185734945975	1.3324018742840898e8	1.7583727072411738e6
0.01536	53587.33571443634	1.332401036384386e8	2.0993322261242797e6
0.017920000000000002	53590.456133999636	1.3324002732907778e8	2.4402914048971524e6
0.02048	53593.46455351659	1.3323995774805775e8	2.7812502050796836e6
0.02304	53596.46716230678	1.332398926007264e8	3.122208730079624e6
0.0256	53599.49615446471	1.3323982975126201e8	3.463166990685218e6
0.02816	53602.47688387716	1.3323977048448783e8	3.8041249679780044e6
0.03072	53605.45481849781	1.332397134627965e8	4.145082692823582e6
0.033280000000000004	53608.44416077432	1.3323965772700077e8	4.48604016429369e6
0.035840000000000004	53611.42265742987	1.3323960337758912e8	4.8269973743221825e6
0.038400000000000004	53614.413859016015	1.332395499483453e8	5.16795433838329e6
0.04096	53617.414084615506	1.3323949721788277e8	5.508911050848189e6
0.04352	53620.42050276001	1.3323944500761166e8	5.84986750653374e6
0.04608	53623.43239947233	1.3323939400791177e8	6.19082374051908e6
0.04864	53626.45042455692	1.3323934348099843e8	6.531779726791671e6
0.0512	53629.48991555005	1.3323929274599338e8	6.872735448626735e6
0.05376	53632.539374492204	1.332392419231125e8	7.213690899844248e6
0.05632	53635.607328051956	1.3323919084792055e8	7.554646078478222e6
0.05888	53638.69355072684	1.3323913956540425e8	7.895600984885463e6
0.06144	53641.79332363517	1.3323908813009048e8	8.2365556162545895e6
0.064	53644.91252036303	1.3323903642482522e8	8.577509969307875e6
0.06656000000000001	53648.04602681126	1.332389845398882e8	8.918464043058226e6
0.06912000000000001	53651.19917126122	1.3323893238319655e8	9.25941783461109e6
0.07168000000000002	53654.368445592394	1.3323888000635868e8	9.600371342171205e6
0.07424000000000003	53657.55673761324	1.3323882734624955e8	9.941324561910983e6
0.07680000000000003	53660.76246125905	1.3323877444441077e8	1.0282277493234986e7
0.07936000000000004	53663.985924318375	1.3323872126131532e8	1.0623230131299354e7
0.08192000000000005	53667.228626170414	1.3323866779643713e8	1.096418247514125e7
0.08448000000000006	53670.48716218982	1.3323861409815429e8	1.130513452341881e7
0.08704000000000006	53673.759972907785	1.3323856018327455e8	1.1646086274257092e7
0.08960000000000007	53677.04846187034	1.3323850602495167e8	1.1987037724755365e7
0.09216000000000008	53680.354214551946	1.3323845159018143e8	1.2327988871321268e7
0.09472000000000008	53683.678655202544	1.3323839685334764e8	1.2668939710562082e7
0.09728000000000009	53687.0216446566	1.3323834180609047e8	1.3009890239075558e7
0.0998400000000001	53690.3847333274	1.332382866778043e8	1.3350840478633547e7
0.1024000000000001	53693.770841157195	1.3323823121229732e8	1.369179040484628e7
0.10496000000000011	53697.18036048993	1.3323817535863152e8	1.4032740009951832e7
0.10752000000000012	53700.610822067	1.3323811915744767e8	1.4373689292955268e7
0.11008000000000012	53704.06367740226	1.3323806256417762e8	1.4714638247412482e7
0.11264000000000013	53707.53735846119	1.3323800562851045e8	1.5055586874345839e7
0.11520000000000014	53711.03243273525	1.3323794833377583e8	1.5396535169547478e7
0.11776000000000014	53714.54874303152	1.3323789068594927e8	1.5737483130660458e7
0.12032000000000015	53718.087149418054	1.3323783267007142e8	1.6078430753766615e7
0.12288000000000016	53721.64655628992	1.3323777429649036e8	1.6419378036180208e7
0.12544000000000016	53725.22745965688	1.3323771556914578e8	1.6760324975920785e7
0.12800000000000017	53728.83114104889	1.3323765646258973e8	1.7101271567966502e7
0.13056000000000018	53732.45693416475	1.3323759697995788e8	1.7442217809060168e7
0.13312000000000018	53736.10432857458	1.3323753714321502e8	1.7783163698625162e7
0.1356800000000002	53739.77467074259	1.332374769184301e8	1.812410923033604e7
0.1382400000000002	53743.46794877108	1.332374163201404e8	1.8465054403035767e7
0.1408000000000002	53747.18426232044	1.3323735532487294e8	1.8805999210460324e7
0.1433600000000002	53750.923708142844	1.3323729394210966e8	1.9146943650826212e7
0.14592000000000022	53754.68591935138	1.3323723217638984e8	1.9487887721328836e7
0.14848000000000022	53758.47275687318	1.3323717000994708e8	1.9828831417798903e7
0.15104000000000023	53762.282635741496	1.332371074442235e8	2.0169774735841986e7
0.15360000000000024	53766.11673537254	1.3323704448592785e8	2.051071767424337e7
0.15616000000000024	53769.97544271848	1.3323698110906999e8	2.0851660226069987e7
0.15872000000000025	53773.858954453266	1.3323691731727259e8	2.1192602388658743e7
0.16128000000000026	53777.76636990535	1.3323685312588759e8	2.153354416035295e7
0.16384000000000026	53781.699598752144	1.3323678850075749e8	2.1874485533900633e7
0.16640000000000027	53785.65807858668	1.3323672345652731e8	2.221542650774049e7
0.16896000000000028	53789.64142858698	1.33236657991393e8	2.255636707783861e7
0.17152000000000028	53793.65062420569	1.3323659209425391e8	2.289730723967561e7
0.1740800000000003	53797.6859125164	1.3323652576084693e8	2.3238246989197135e7
0.1766400000000003	53801.748173744105	1.3323645896290687e8	2.3579186318584245e7
0.1792000000000003	53805.836444529006	1.3323639175222278e8	2.3920125232552033e7
0.1817600000000003	53809.95069805634	1.332363240838977e8	2.4261063719548464e7
0.18432000000000032	53814.09327120873	1.3323625594972727e8	2.460200177625323e7
0.18688000000000032	53818.26290554051	1.3323618736691546e8	2.4942939401062958e7
0.18944000000000033	53822.459687158575	1.3323611832225716e8	2.5283876587892465e7
0.19200000000000034	53826.684689974376	1.3323604880000734e8	2.5624813330830954e7
0.19456000000000034	53830.93637010829	1.3323597883008654e8	2.5965749630571622e7
0.19712000000000035	53835.21618128901	1.3323590839921562e8	2.6306685482021064e7
0.19968000000000036	53839.52512396509	1.3323583746354885e8	2.6647620873468693e7
0.20224000000000036	53843.863334555695	1.3323576604913354e8	2.698855580619059e7
0.20480000000000037	53848.23080820549	1.3323569413702014e8	2.7329490272400457e7
0.20736000000000038	53852.627216234	1.3323562174286619e8	2.7670424271037456e7
0.20992000000000038	53857.05440165423	1.3323554882745133e8	2.8011357791400295e7
0.2124800000000004	53861.51146381622	1.3323547540496089e8	2.8352290831554126e7
0.2150400000000004	53865.999626893456	1.332354014604754e8	2.869322338512781e7
0.2176000000000004	53870.51767823549	1.33235327019046e8	2.903415545237591e7
0.2201600000000004	53875.0677260973	1.3323525203554162e8	2.9375087020960417e7
0.22272000000000042	53879.64918089773	1.33235176527362e8	2.971601808988945e7
0.22528000000000042	53884.26217660084	1.3323510048167565e8	3.0056948652105406e7
0.22784000000000043	53888.907318792975	1.3323502390734196e8	3.0397878705724128e7
0.23040000000000044	53893.58429631028	1.3323494677624254e8	3.073880823972078e7
0.23296000000000044	53898.29528435471	1.3323486908772573e8	3.1079737251091555e7
0.23552000000000045	53903.03854332766	1.3323479085738477e8	3.1420665737636924e7
0.23808000000000046	53907.81584812201	1.3323471204039386e8	3.1761593685628034e7
0.24064000000000046	53912.6271223044	1.3323463265347444e8	3.210252109426374e7
0.24320000000000047	53917.47215730404	1.3323455271245302e8	3.2443447962597284e7
0.24576000000000048	53922.35119913512	1.3323447218087561e8	3.278437427734049e7
0.24832000000000048	53927.26686211651	1.3323439103911807e8	3.312530003078878e7
0.2508800000000005	53932.2159553368	1.3323430933797875e8	3.3466225228328638e7
0.2534400000000005	53937.20218600535	1.3323422699996707e8	3.38071498485357e7
0.2560000000000005	53942.223913607544	1.3323414406454122e8	3.414807389511434e7
0.2585600000000005	53947.282711921034	1.3323406051872647e8	3.448899736101591e7
0.2611200000000005	53952.37745038322	1.3323397634711026e8	3.482992023640804e7
0.2636800000000005	53957.509857190795	1.3323389154795603e8	3.517084251702316e7
0.26624000000000053	53962.67900653434	1.3323380612156413e8	3.5511764197153136e7
0.26880000000000054	53967.887611899256	1.3323372003149092e8	3.585268526388665e7
0.27136000000000055	53973.13343814536	1.3323363331113821e8	3.619360571925891e7
0.27392000000000055	53978.42006640272	1.3323354590914246e8	3.653452554667419e7
0.27648000000000056	53983.74579498058	1.3323345785199668e8	3.68754447466777e7
0.27904000000000057	53989.11060643545	1.3323336910967784e8	3.7216363305547394e7
0.28160000000000057	53994.51501842326	1.3323327971023782e8	3.7557281225992285e7
0.2841600000000006	53999.960818822474	1.3323318962258905e8	3.789819849510753e7
0.2867200000000006	54005.44912095751	1.3323309879149494e8	3.82391150922465e7
0.2892800000000006	54010.97741460107	1.332330072985534e8	3.8580031033193715e7
0.2918400000000006	54016.5483807152	1.3323291509514767e8	3.892094630026926e7
0.2944000000000006	54022.16212749937	1.3323282215080126e8	3.9261860878793135e7
0.2969600000000006	54027.817863606884	1.3323272849578053e8	3.96027747711779e7
0.2995200000000006	54033.518177738064	1.3323263409493838e8	3.994368796292917e7
0.3020800000000006	54039.26348368086	1.332325389207427e8	4.028460043994857e7
0.30464000000000063	54045.05118080539	1.3323244302725314e8	4.062551221061157e7
0.30720000000000064	54050.88555571826	1.3323234634897943e8	4.096642325191957e7
0.30976000000000065	54056.76537750212	1.3323224890436818e8	4.130733356235134e7
0.31232000000000065	54062.69128109141	1.3323215065494666e8	4.164824312409321e7
0.31488000000000066	54068.66339232636	1.3323205165885636e8	4.198915194900413e7
0.31744000000000067	54074.684181938166	1.332319518082501e8	4.2330059998446226e7
0.3200000000000007	54080.75222547193	1.3323185117506419e8	4.2670967287533954e7
0.3225600000000007	54086.867953177905	1.332317497159989e8	4.30118737962189e7
0.3251200000000007	54093.03444720238	1.3323164740976757e8	4.335277951295145e7
0.3276800000000007	54099.24894348408	1.3323154426766536e8	4.369368443267836e7
0.3302400000000007	54105.51453765288	1.3323144026467328e8	4.403458854242253e7
0.3328000000000007	54111.83143784515	1.332313354070904e8	4.4375491837415114e7
0.3353600000000007	54118.2000635651	1.3323122964906672e8	4.471639429560135e7
0.3379200000000007	54124.61889903258	1.3323112304428442e8	4.5057295926805355e7
0.3404800000000007	54131.09181113486	1.3323101552591911e8	4.5398196703936316e7
0.34304000000000073	54137.616593554834	1.3323090712135516e8	4.5739096627507076e7
0.34560000000000074	54144.19766152854	1.3323079775329685e8	4.607999566648919e7
0.34816000000000075	54150.83192590323	1.3323068747272938e8	4.642089382878815e7
0.35072000000000075	54157.522609526175	1.3323057624651662e8	4.6761791097458325e7
0.35328000000000076	54164.268461354346	1.3323046407217295e8	4.710268746311669e7
0.35584000000000077	54171.071609255	1.3323035091286613e8	4.74435829063222e7
0.3584000000000008	54177.93373184907	1.3323023676541686e8	4.778447741900786e7
0.3609600000000008	54184.85301408067	1.3323012164619644e8	4.812537099788129e7
0.3635200000000008	54191.831320042125	1.3323000550564273e8	4.846626361820993e7
0.3660800000000008	54198.869148414655	1.3322988836463858e8	4.8807155279657565e7
0.3686400000000008	54205.96710752117	1.3322977017649788e8	4.9148045957257286e7
0.3712000000000008	54213.12664487112	1.3322965097214599e8	4.948893565489499e7
0.3737600000000008	54220.34908696556	1.3322953066314638e8	4.982982433206992e7
0.3763200000000008	54227.63473616271	1.3322940928607944e8	5.017071199376977e7
0.3788800000000008	54234.98329673862	1.3322928682645792e8	5.0511598625633754e7
0.38144000000000083	54242.395489462484	1.3322916328411125e8	5.085248421924547e7
0.38400000000000084	54249.87624328566	1.3322903857059236e8	5.119336873487344e7
0.38656000000000085	54257.42258044869	1.3322891273050997e8	5.15342521784138e7
0.38912000000000085	54265.034072427974	1.3322878578784828e8	5.18751345497818e7
0.39168000000000086	54272.71418701019	1.3322865766463524e8	5.221601581157869e7
0.39424000000000087	54280.46500572481	1.3322852832337163e8	5.2556895940688014e7
0.3968000000000009	54288.28408202625	1.3322839782237986e8	5.289777494887873e7
0.3993600000000009	54296.17445203078	1.3322826610843848e8	5.3238652807288975e7
0.4019200000000009	54304.140576784055	1.3322813308475192e8	5.357952946981977e7
0.4044800000000009	54312.174882047795	1.3322799890918615e8	5.392040498517349e7
0.4070400000000009	54320.28519729943	1.3322786340842721e8	5.4261279278076924e7
0.4096000000000009	54328.469437728454	1.3322772665578838e8	5.4602152366567075e7
0.4121600000000009	54336.73160995392	1.332275885328572e8	5.4943024194012135e7
0.4147200000000009	54345.0678357752	1.3322744918032205e8	5.528389480536621e7
0.41728000000000093	54353.48478679649	1.3322730842227553e8	5.562476412110222e7
0.41984000000000093	54361.98186551847	1.3322716628794093e8	5.596563214172834e7
0.42240000000000094	54370.55477418687	1.3322702285659716e8	5.630649888706433e7
0.42496000000000095	54379.21401072516	1.3322687793735959e8	5.664736427148519e7
0.42752000000000095	54387.95317479604	1.3322673165963535e8	5.698822833456094e7
0.43008000000000096	54396.776020375044	1.3322658392056215e8	5.732909102314503e7
0.43264000000000097	54405.68643989901	1.332264347004183e8	5.7669952319047645e7
0.435200000000001	54414.681951640356	1.332262839882434e8	5.8010812204049945e7
0.437760000000001	54423.76394563318	1.3322613180636744e8	5.8351670676596336e7
0.440320000000001	54432.93849718157	1.3322597802587906e8	5.86925276713733e7
0.442880000000001	54442.199473360735	1.3322582277387156e8	5.903338322826296e7
0.445440000000001	54451.55480687277	1.3322566585077608e8	5.937423725080353e7
0.448000000000001	54461.00170411688	1.33225507394027e8	5.9715089785464905e7
0.450560000000001	54470.54306387794	1.3322534728941755e8	6.005594076990112e7
0.453120000000001	54480.1798787637	1.3322518553331292e8	6.0396790189626984e7
0.45568000000000103	54489.91356148376	1.3322502209752832e8	6.0737638019151635e7
0.45824000000000104	54499.74662210094	1.3322485697820349e8	6.107848424442209e7
0.46080000000000104	54509.679428526106	1.3322469011481114e8	6.141932882405297e7
0.46336000000000105	54519.715677347995	1.3322452147542344e8	6.176017173107343e7
0.46592000000000106	54529.85276335336	1.3322435107500874e8	6.210101295663206e7
0.46848000000000106	54540.095130052505	1.332241788571347e8	6.244185246235413e7
0.47104000000000107	54550.44482777925	1.3322400479903455e8	6.278269022383348e7
0.4736000000000011	54560.90212162924	1.3322382886539143e8	6.312352620952635e7
0.4761600000000011	54571.469885964914	1.332236510451484e8	6.346436040044307e7
0.4787200000000011	54582.14901641262	1.3322347125840695e8	6.3805192743464e7
0.4812800000000011	54592.94489813227	1.3322328942691995e8	6.414602318776574e7
0.4838400000000011	54603.854686709055	1.332231056673793e8	6.448685177174004e7
0.4864000000000011	54614.878707291246	1.3322291992860477e8	6.482767845497757e7
0.4889600000000011	54626.02321294966	1.332227320887126e8	6.5168503164999805e7
0.4915200000000011	54637.288917203725	1.3322254215388158e8	6.550932588814464e7
0.49408000000000113	54648.67774539906	1.3322235004743189e8	6.585014657048025e7
0.49664000000000114	54660.192752156094	1.3322215579301937e8	6.619096520766902e7
0.49920000000000114	54671.83441152007	1.3322195932617293e8	6.653178175029897e7
0.5017600000000011	54683.60192813221	1.3322176066478297e8	6.6872596188986324e7
0.5043200000000011	54695.50361850751	1.3322155963893406e8	6.7213408424341e7
0.5068800000000011	54707.53805930273	1.3322135635645317e8	6.755421849112692e7
0.5094400000000011	54719.70927464841	1.3322115065947054e8	6.789502629254259e7
0.5120000000000011	54732.01966676509	1.3322094255744652e8	6.823583181501015e7
0.5145600000000011	54744.465282946454	1.3322073207778525e8	6.857663505117229e7
0.5171200000000011	54757.05809846583	1.3322051900248945e8	6.891743587478209e7
0.5196800000000011	54769.79734153583	1.3322030342885588e8	6.925823431496705e7
0.5222400000000011	54782.681404759365	1.3322008533529133e8	6.959903033937064e7
0.5248000000000012	54795.7201711289	1.332198645242191e8	6.993982382853566e7
0.5273600000000012	54808.90893369704	1.3321964105447505e8	7.028061478920655e7
0.5299200000000012	54822.255807905356	1.332194148670389e8	7.062140317235158e7
0.5324800000000012	54835.75837276856	1.3321918592962605e8	7.096218893756187e7
0.5350400000000012	54849.42408416026	1.3321895415205728e8	7.130297201773904e7
0.5376000000000012	54863.2533647188	1.3321871951152705e8	7.164375237775294e7
0.5401600000000012	54877.2539411451	1.3321848186326213e8	7.198452991971213e7
0.5427200000000012	54891.42053812072	1.332182413285693e8	7.232530468262497e7
0.5452800000000012	54905.76290460874	1.3321799769892137e8	7.266607653377599e7
0.5478400000000012	54920.28335684506	1.3321775093615276e8	7.300684542818472e7
0.5504000000000012	54934.983276839266	1.332175010564504e8	7.334761134995173e7
0.5529600000000012	54949.86375125221	1.3321724796430302e8	7.368837422143252e7
0.5555200000000012	54964.93538555584	1.3321699154769467e8	7.402913395905568e7
0.5580800000000012	54980.19300380324	1.3321673186620642e8	7.436989056678489e7
0.5606400000000012	54995.64967667737	1.3321646865863301e8	7.471064387741812e7
0.5632000000000013	55011.30148671164	1.3321620202153058e8	7.505139391501558e7
0.5657600000000013	55027.1558015039	1.3321593184752245e8	7.539214059418972e7
0.5683200000000013	55043.21388342745	1.332156580367757e8	7.573288383002973e7
0.5708800000000013	55059.48648585563	1.3321538048780839e8	7.607362353972104e7
0.5734400000000013	55075.97324417122	1.3321509916066526e8	7.641435966983908e7
0.5760000000000013	55092.67605403693	1.3321481399369018e8	7.675509215501264e7
0.5785600000000013	55109.60358955842	1.3321452486121e8	7.709582089503862e7
0.5811200000000013	55126.751479137485	1.3321423183603618e8	7.74365458982171e7
0.5836800000000013	55144.13934381098	1.3321393458339238e8	7.777726694572626e7
0.5862400000000013	55161.75733203837	1.3321363324903335e8	7.81179840846272e7
0.5888000000000013	55179.61881745304	1.3321332765752977e8	7.845869718401144e7
0.5913600000000013	55197.7291139037	1.3321301758017564e8	7.879940607623795e7
0.5939200000000013	55216.0871576641	1.3321270314188765e8	7.914011079870307e7
0.5964800000000013	55234.70291648859	1.3321238414534572e8	7.948081120233686e7
0.5990400000000013	55253.57912805955	1.3321206055275603e8	7.982150722861034e7
0.6016000000000014	55272.7277376907	1.3321173206828323e8	8.016219866701007e7
0.6041600000000014	55292.14903447512	1.3321139879316835e8	8.050288553915457e7
0.6067200000000014	55311.8473290847	1.3321106056567371e8	8.084356770972332e7
0.6092800000000014	55331.83571921374	1.3321071714761837e8	8.11842449985533e7
0.6118400000000014	55352.11230962669	1.332103686458827e8	8.152491742821115e7
0.6144000000000014	55372.6809840687	1.3321001494498363e8	8.186558488798557e7
0.6169600000000014	55393.566157964044	1.332096556017528e8	8.220624707163875e7
0.6195200000000014	55414.7577552169	1.3320929073019283e8	8.254690400019994e7
0.6220800000000014	55436.26534466742	1.3320892030633111e8	8.28875556175617e7
0.6246400000000014	55458.10285916452	1.33208543991801e8	8.322820167252797e7
0.6272000000000014	55480.27254135359	1.3320816163620745e8	8.35688420238329e7
0.6297600000000014	55502.78305010161	1.3320777320947056e8	8.390947660679284e7
0.6323200000000014	55525.64680749875	1.3320737856525117e8	8.425010528419799e7
0.6348800000000014	55548.8622474548	1.3320697757453606e8	8.459072792310543e7
0.6374400000000014	55572.44663594102	1.3320656993318295e8	8.493134428446066e7
0.6400000000000015	55596.40816160534	1.3320615553527851e8	8.527195424951662e7
0.6425600000000015	55620.745910365906	1.332057343818407e8	8.561255776381396e7
0.6451200000000015	55645.48487559041	1.332053060431008e8	8.595315450419803e7
0.6476800000000015	55670.62409421282	1.3320487051278327e8	8.629374440800054e7
0.6502400000000015	55696.170170231126	1.3320442760436006e8	8.663432729793802e7
0.6528000000000015	55722.14306124985	1.3320397704242088e8	8.697490294136342e7
0.6553600000000015	55748.55312632433	1.3320351865379246e8	8.731547116629907e7
0.6579200000000015	55775.40426302041	1.3320305226640412e8	8.76560317974031e7
0.6604800000000015	55802.70802069358	1.3320257770371404e8	8.799658465717645e7
0.6630400000000015	55830.48634288491	1.332020946074579e8	8.833712944920719e7
0.6656000000000015	55858.74185129944	1.3320160288262236e8	8.867766604194872e7
0.6681600000000015	55887.48173608365	1.3320110233491711e8	8.901819423803772e7
0.6707200000000015	55916.73652277764	1.3320059245225611e8	8.935871363257964e7
0.6732800000000015	55946.504472300694	1.3320007332937945e8	8.9699224213146e7
0.6758400000000016	55976.807143681544	1.3319954443779519e8	9.003972555464341e7
0.6784000000000016	56007.65052342792	1.3319900583348565e8	9.038021761784521e7
0.6809600000000016	56039.05987744844	1.3319845689470577e8	9.072069990868235e7
0.6835200000000016	56071.049437574744	1.3319789731518197e8	9.10611721385994e7
0.6860800000000016	56103.63195783416	1.3319732701708962e8	9.140163417202926e7
0.6886400000000016	56136.82365808286	1.3319674556417678e8	9.17420856267291e7
0.6912000000000016	56170.65046521638	1.331961526037832e8	9.208252617659883e7
0.6937600000000016	56205.110753531684	1.3319554798016539e8	9.242295561983691e7
0.6963200000000016	56240.24271184055	1.3319493114167863e8	9.276337348948061e7
0.6988800000000016	56276.05806651267	1.3319430186017893e8	9.310377953064705e7
0.7014400000000016	56312.58345500919	1.3319365949016207e8	9.344417319769584e7
0.7040000000000016	56349.82846232449	1.3319300402982324e8	9.378455438622063e7
0.7065600000000016	56387.81518239242	1.331923348018412e8	9.412492251807626e7
0.7091200000000016	56426.582338220884	1.3319165128535537e8	9.446527712374195e7
0.7116800000000016	56466.148265670054	1.3319095325368084e8	9.480561793144776e7
0.7142400000000017	56506.51433333644	1.3319024024726829e8	9.514594449574502e7
0.7168000000000017	56547.73591221323	1.33189511604586e8	9.548625623697782e7
0.7193600000000017	56589.82689434063	1.3318876678651433e8	9.582655264456679e7
0.7219200000000017	56632.8258069308	1.3318800542138587e8	9.61668333300075e7
0.7244800000000017	56676.74978412839	1.3318722674620415e8	9.650709761119072e7
0.7270400000000017	56721.6195642058	1.331864307250058e8	9.68473453275847e7
0.7296000000000017	56767.49201752019	1.331856160097049e8	9.718757537052245e7
0.7321600000000017	56814.39258542968	1.3318478227314107e8	9.752778735601327e7
0.7347200000000017	56862.35852288935	1.3318392883517224e8	9.786798064024693e7
0.7372800000000017	56911.40193171587	1.3318305517542036e8	9.820815468324965e7
0.7398400000000017	56961.59420630742	1.3318216030716462e8	9.854830861000161e7
0.7424000000000017	57012.958721925854	1.3318124351394963e8	9.88884417229232e7
0.7449600000000017	57065.53899143206	1.331803039801764e8	9.922855324813682e7
0.7475200000000017	57119.377425964405	1.3317934112170704e8	9.956864257571119e7
0.7500800000000017	57174.51891115442	1.3317835379798941e8	9.99087086725624e7
0.7526400000000018	57231.03525363599	1.3317734068358518e8	1.0024875036097413e8
0.7552000000000018	57288.943559315456	1.3317630149805355e8	1.005887672247136e8
0.7577600000000018	57348.30665299095	1.3317523496770208e8	1.0092875810292979e8
0.7603200000000018	57409.18958346141	1.3317413974735267e8	1.012687217672668e8
0.7628800000000018	57471.64340398711	1.3317301519725378e8	1.0160865750976515e8
0.7654400000000018	57535.74777002156	1.3317185944582413e8	1.019485636792088e8
0.7680000000000018	57601.558819765756	1.3317067144387509e8	1.0228843923054248e8
0.7705600000000018	57669.12303227531	1.3316945024084637e8	1.0262828318117534e8
0.7731200000000018	57738.54216446524	1.3316819407466047e8	1.0296809392344801e8
0.7756800000000018	57809.90347083004	1.331669009668776e8	1.0330786965953442e8
0.7782400000000018	57883.2355437122	1.3316557061388582e8	1.0364760986086492e8
0.7808000000000018	57958.68559460327	1.3316419968421796e8	1.0398731165731996e8
0.7833600000000018	58036.31944283111	1.3316278743975788e8	1.0432697415705308e8
0.7859200000000018	58116.20847477862	1.331613321122323e8	1.0466659565155613e8
0.7884800000000018	58198.48853521383	1.3315983122340184e8	1.050061738673231e8
0.7910400000000019	58283.28746034074	1.3315828218360867e8	1.0534570641426976e8
0.7936000000000019	58370.671119622646	1.3315668364466952e8	1.0568519184692907e8
0.7961600000000019	58460.79508553215	1.3315503249795069e8	1.060246273220389e8
0.7987200000000019	58553.778092789544	1.3315332663640065e8	1.0636401075548069e8
0.8012800000000019	58649.75476306616	1.3315156268243562e8	1.0670333902544877e8
0.8038400000000019	58748.89020691395	1.331497380773826e8	1.0704260963842645e8
0.8064000000000019	58851.34306177639	1.3314784968443109e8	1.0738181960554224e8
0.8089600000000019	58957.31956547432	1.3314589352814929e8	1.077209652348617e8
0.8115200000000019	59066.902248644714	1.3314386689486991e8	1.080600437922609e8
0.8140800000000019	59180.35659261046	1.3314176532530086e8	1.0839905112791887e8
0.8166400000000019	59297.92077149312	1.3313958415075655e8	1.0873798286762674e8
0.8192000000000019	59419.773572309474	1.3313731963687631e8	1.0907683534159121e8
0.8217600000000019	59546.165345071466	1.3313496638740826e8	1.0941560348702797e8
0.8243200000000019	59677.3483232052	1.3313251968423074e8	1.0975428274265878e8
0.826880000000002	59813.67120618834	1.3312997241542684e8	1.1009286653362761e8
0.829440000000002	59955.3264371729	1.3312732136024044e8	1.1043135140951522e8
0.832000000000002	60102.80429831464	1.3312455551648022e8	1.1076972746083392e8
0.834560000000002	60256.33434892697	1.3312167077207926e8	1.1110799036750141e8
0.837120000000002	60416.3837362022	1.3311865833971171e8	1.1144613188992268e8
0.839680000000002	60583.308242513725	1.3311551038931307e8	1.1178414447967611e8
0.842240000000002	60757.5800942166	1.3311221697864866e8	1.1212201874393298e8
0.844800000000002	60939.73336442897	1.3310876826322624e8	1.1245974527539195e8
0.847360000000002	61130.284848769756	1.3310515226607782e8	1.1279731275086328e8
0.849920000000002	61329.83899245413	1.3310135816359967e8	1.131347107126429e8
0.852480000000002	61539.22090435279	1.3309736854995447e8	1.1347192300733328e8
0.855040000000002	61758.94079360051	1.33093173134761e8	1.1380893933320375e8
0.857600000000002	61989.94834338948	1.3308875265859744e8	1.1414574164865753e8
0.860160000000002	62233.249979807006	1.3308408745287675e8	1.1448231136114392e8
0.862720000000002	62489.55376295224	1.330791612167909e8	1.1481863253089069e8
0.865280000000002	62760.28384901648	1.3307394657920253e8	1.1515467956149277e8
0.867840000000002	63046.41170433224	1.3306842241965036e8	1.1549043192644049e8
0.8704000000000021	63349.69533441189	1.330625554990006e8	1.1582585842684574e8
0.8729600000000021	63671.416051935434	1.3305631660406305e8	1.1616093095937839e8
0.8755200000000021	64013.741137136	1.3304966461128396e8	1.1649561079096836e8
0.8780800000000021	64378.43881938454	1.3304256228572501e8	1.1682986211111055e8
0.8806400000000021	64768.11547583287	1.3303495730517574e8	1.1716363552349344e8
0.8832000000000021	65185.21679763349	1.3302679985040587e8	1.1749688326120071e8
0.8857600000000021	65633.23175891773	1.330180200362145e8	1.1782953936767378e8
0.8883200000000021	66116.00984503257	1.330085447486677e8	1.1816153430711627e8
0.8908800000000021	66636.87288939615	1.3299830244548398e8	1.1849279909820275e8
0.8934400000000021	67201.70237473506	1.3298717451045543e8	1.1882322220802663e8
0.8960000000000021	67816.83801737388	1.3297504631437133e8	1.191526944488308e8
0.8985600000000021	68488.81454378994	1.329617830078194e8	1.1948108724485381e8
0.9011200000000021	69227.66406784976	1.329471929766499e8	1.1980821976654208e8
0.9036800000000021	70044.04085992012	1.329310779064867e8	1.201339031245498e8
0.9062400000000022	70953.04267785528	1.3291314342735443e8	1.2045785965688744e8
0.9088000000000022	71972.93968945737	1.3289306100342894e8	1.2077977777201618e8
0.9113600000000022	73126.86218180836	1.3287040734288794e8	1.2109925640107843e8
0.9139200000000022	74452.4967060478	1.32844511481372e8	1.2141566480397224e8
0.9164800000000022	75992.03477097179	1.3281463838511375e8	1.2172830664193341e8
0.9190400000000022	77828.4108326468	1.3277943401357584e8	1.2203591202397804e8
0.9216000000000022	80104.08225783566	1.3273664884450397e8	1.2233637573514417e8
0.9241600000000022	83138.29406090963	1.3268158833333012e8	1.2262532188235225e8
0.9267200000000022	87821.80177047085	1.3260192436727934e8	1.2289129093127915e8
0.9292800000000022	97306.81100346918	1.3245456191064209e8	1.2309425682999593e8
0.9318400000000022	120345.8678849258	1.3212145552886863e8	1.2312425989437628e8
0.9344000000000022	154396.50742134923	1.3163592142300542e8	1.230107333885434e8
0.9369600000000022	187008.95751757215	1.3115922936986259e8	1.2290274059506865e8
0.9395200000000022	215999.88434654445	1.3071963323568708e8	1.2282677349059829e8
0.9420800000000022	240766.4070885325	1.3032491241172375e8	1.2279043867513557e8
0.9446400000000023	262183.18303236703	1.2996277179062726e8	1.227825472053111e8
0.9472000000000023	282979.0309556678	1.2959082823598072e8	1.2276337379795569e8
0.9497600000000023	304201.9887952496	1.2919131061414884e8	1.2271602227681136e8
0.9523200000000023	326149.87111414666	1.2875686676350106e8	1.2263329018207234e8
0.9548800000000023	347375.20583415276	1.2831290552283442e8	1.2253910079493167e8
0.9574400000000023	368772.196850315	1.2784186098438351e8	1.2241660632558638e8
0.9600000000000023	393344.0023889859	1.2726808244147357e8	1.2219309290391047e8
0.9625600000000023	426699.7623604309	1.2643905264763226e8	1.2172115015560797e8
0.9651200000000023	489638.2277756871	1.2480173066241154e8	1.2046572487829173e8
0.9676800000000023	538433.4464858248	1.2343080528911255e8	1.1945892383115914e8
0.9702400000000023	590390.3221709359	1.2182327476290219e8	1.182153841219463e8
0.9728000000000023	645586.8985565538	1.199467111543373e8	1.1670172057458034e8
0.9753600000000023	711043.6461457373	1.1748848908207726e8	1.1461109282653618e8
0.9766400000000023	751145.7731192486	1.1588198847354981e8	1.1319253198806803e8
0.9779200000000022	812348.6698594664	1.1333084692554937e8	1.1084643848406398e8
0.9804800000000022	910358.5728787651	1.0872542594939671e8	1.0662087583420733e8
0.9817600000000022	962648.7992234326	1.0599105554298128e8	1.0407533740397537e8
0.9830400000000021	1.0284733775020264e6	1.0228442172730353e8	1.0056712084329112e8
0.9833600000000021	1.0593638084657006e6	1.0044585372792971e8	9.879206253567004e7
0.9846400000000021	1.1425361076953781e6	9.530339157597765e7	9.385708083598503e7
0.985920000000002	1.2165725386592413e6	9.033891677054879e7	8.908407416376397e7
0.987200000000002	1.301080943681154e6	8.410179704590967e7	8.304194787980132e7
0.987520000000002	1.3184742981459938e6	8.273330931494558e7	8.171725217393608e7
0.987680000000002	1.3381217854109013e6	8.114344078239967e7	8.016023925235693e7
0.988320000000002	1.4044122408417766e6	7.572174468246222e7	7.485371823954423e7
0.988640000000002	1.4593482081810231e6	7.10411031779592e7	7.025065444150266e7
0.9892800000000019	1.535181249176448e6	6.4248473956176355e7	6.357618745835744e7
0.9899200000000019	1.6155470898395753e6	5.6632068562383056e7	5.607750202593992e7
0.9905600000000019	1.6620960623718111e6	5.1929060790119275e7	5.145454064308943e7
0.9907200000000019	1.6787612124934534e6	5.016022855984597e7	4.971032054286263e7
0.990740000000002	1.6833391206258738e6	4.9670270478951484e7	4.922591149457348e7
0.9907500000000019	1.686041255537322e6	4.9380558884926885e7	4.893938459685512e7
0.9907600000000019	1.7682723923909906e6	4.1415273936992824e7	4.1048935642720774e7
0.9914000000000018	1.885888797742658e6	2.8386770432926163e7	2.815886285086363e7
0.9917200000000018	1.966190114180297e6	1.894280475756623e7	1.8802238388319027e7
0.9930000000000018	2.0663676424051332e6	6.455962479253456e6	6.425235315395526e6
0.9981200000000018	2.0939560000000002e6	2.093956e6	2.093956e6
