lambda	f0	f1	fla
0.0	17690.473370691547	1.5125290421084974e7	17690.473370691547
0.00512	17684.547477627304	1.5125264710637972e7	95035.35791300828
0.01024	17685.730845651568	1.512524235891859e7	172387.11071711848
0.015360000000000002	17688.037848132284	1.5125221043359444e7	249739.74481278606
0.02048	17690.637739165933	1.5125199922482004e7	327092.4278906993
0.0256	17693.302682786565	1.5125178236290485e7	404444.91698314366
0.03072	17696.00457404583	1.5125156232983353e7	481797.18279077974
0.035840000000000004	17698.739562931765	1.5125133953701325e7	559149.2176376518
0.04096	17701.506521957064	1.5125111404423134e7	636501.0159399892
0.04608	17704.30583062995	1.5125088586258834e7	713852.5734727617
0.0512	17707.138030343398	1.512506549249154e7	791203.8857787567
0.05632	17710.003618134455	1.5125042114868037e7	868554.948123729
0.06144	17712.903905054194	1.5125018446427496e7	945905.7564376331
0.06656000000000001	17715.83866614358	1.5124994489434093e7	1.0232563056612584e6
0.07168000000000001	17718.80863750426	1.5124970236693472e7	1.100606591000556e6
0.07680000000000001	17721.814832079603	1.512494567226787e7	1.1779566070831483e6
0.08192	17724.856802817765	1.5124920813981635e7	1.2553063496149066e6
0.08704	17727.936715911437	1.5124895632383175e7	1.3326558129467901e6
0.09216	17731.055162925542	1.512487012812986e7	1.4100049921275582e6
0.09728	17734.211575008387	1.5124844302583884e7	1.487353881228352e6
0.1024	17737.408109290544	1.5124818136685736e7	1.5647024747155188e6
0.10752	17740.64443590981	1.5124791632461362e7	1.6420507666684065e6
0.11264	17743.921162112576	1.5124764788349932e7	1.7193987516421487e6
0.11776	17747.2403298281	1.5124737587612707e7	1.7967464236258601e6
0.12288	17750.602517313233	1.5124710028763184e7	1.8740937768144058e6
0.128	17754.00746027578	1.5124682098745244e7	1.9514408031447518e6
0.13312000000000002	17757.45743491434	1.5124653789553808e7	2.0287874971665817e6
0.13824000000000003	17760.950822738763	1.512462510905106e7	2.1061338520562225e6
0.14336000000000004	17764.49166235908	1.512459602745507e7	2.1834798606336024e6
0.14848000000000006	17768.07986344312	1.512456655448895e7	2.2608255173758394e6
0.15360000000000007	17771.71451938467	1.5124536678021511e7	2.338170812913312e6
0.15872000000000008	17775.398294032366	1.512450638144298e7	2.415515739939435e6
0.1638400000000001	17779.13169596412	1.5124475666504897e7	2.4928602919590613e6
0.1689600000000001	17782.917338029296	1.5124444511150245e7	2.5702044602285433e6
0.17408000000000012	17786.752209157992	1.5124412928728977e7	2.64754823701773e6
0.17920000000000014	17790.642358340123	1.512438087982075e7	2.7248916129116057e6
0.18432000000000015	17794.585140832514	1.5124348386930238e7	2.802234581886658e6
0.18944000000000016	17798.58423261311	1.5124315410145005e7	2.879577131733459e6
0.19456000000000018	17802.640216671236	1.5124281949116148e7	2.9569192545561558e6
0.1996800000000002	17806.75142232717	1.51242480138888e7	3.0342609427116355e6
0.2048000000000002	17810.922972587807	1.5124213565048445e7	3.1116021840697266e6
0.20992000000000022	17815.154520916756	1.5124178598490708e7	3.188942968679059e6
0.21504000000000023	17819.447361267863	1.5124143119699288e7	3.2662832898608395e6
0.22016000000000024	17823.80286952504	1.5124107097134976e7	3.3436231329350104e6
0.22528000000000026	17828.222840260692	1.512407052212186e7	3.4209624880224233e6
0.23040000000000027	17832.706867634635	1.5124033406982413e7	3.4983013481740835e6
0.23552000000000028	17837.25970643873	1.5123995688652817e7	3.575639692891894e6
0.2406400000000003	17841.880838976802	1.5123957391687822e7	3.652977517369647e6
0.2457600000000003	17846.57200327872	1.512391849050601e7	3.7303148066945146e6
0.2508800000000003	17851.333471336213	1.5123878991719477e7	3.8076515523726344e6
0.25600000000000034	17856.16887985553	1.512383885102169e7	3.8849877355081704e6
0.26112000000000035	17861.080546658515	1.512379806336998e7	3.9623233455014895e6
0.26624000000000037	17866.067264012538	1.5123756611347696e7	4.039658365720858e6
0.2713600000000004	17871.133752084417	1.5123714487806082e7	4.116992786308183e6
0.2764800000000004	17876.281019443693	1.5123671664888924e7	4.194326588751684e6
0.2816000000000004	17881.509368090454	1.5123628133093651e7	4.271659758609214e6
0.2867200000000004	17886.82253945458	1.5123583876296433e7	4.348992281792661e6
0.29184000000000043	17892.22426057793	1.5123538863887722e7	4.42632413956937e6
0.29696000000000045	17897.7132692132	1.5123493092620002e7	4.50365531712123e6
0.30208000000000046	17903.29273153544	1.5123446521862855e7	4.580985791387532e6
0.3072000000000005	17908.965205962682	1.5123399163671726e7	4.658315554174652e6
0.3123200000000005	17914.7334349475	1.5123350960069828e7	4.73564457573756e6
0.3174400000000005	17920.599827227692	1.5123301922394495e7	4.812972846862989e6
0.3225600000000005	17926.56551109333	1.5123252014928073e7	4.890300342475042e6
0.3276800000000005	17932.637559906983	1.5123201177195573e7	4.96762703262773e6
0.33280000000000054	17938.811484334354	1.5123149456903607e7	5.044952914279876e6
0.33792000000000055	17945.09523064223	1.5123096787951838e7	5.122277955234997e6
0.34304000000000057	17951.491842522468	1.5123043122350141e7	5.199602124771864e6
0.3481600000000006	17958.000920651528	1.5122988496234491e7	5.276925418169127e6
0.3532800000000006	17964.630215899262	1.51229328070701e7	5.354247787734961e6
0.3584000000000006	17971.37650185661	1.5122876103223914e7	5.431569230559051e6
0.3635200000000006	17978.25026573844	1.512281828629274e7	5.508889700162283e6
0.36864000000000063	17985.253635126748	1.5122759328750666e7	5.58620916868573e6
0.37376000000000065	17992.38349673129	1.5122699273107052e7	5.663527630557494e6
0.37888000000000066	17999.647750617005	1.5122638036969762e7	5.740845040657977e6
0.3840000000000007	18007.053848119238	1.512257554315917e7	5.818161353743573e6
0.3891200000000007	18014.60080675495	1.5122511826429443e7	5.895476561241065e6
0.3942400000000007	18022.296983674725	1.512244681084481e7	5.972790617328299e6
0.3993600000000007	18030.14326938298	1.512238043748608e7	6.050103476767775e6
0.40448000000000073	18038.144662830597	1.5122312737925585e7	6.127415132145761e6
0.40960000000000074	18046.30750658874	1.5122243605155326e7	6.204725520623523e6
0.41472000000000075	18054.637316669603	1.5122172987277523e7	6.282034599412446e6
0.41984000000000077	18063.132990560123	1.5122100900970645e7	6.359342349499331e6
0.4249600000000008	18071.808241544695	1.5122027248844558e7	6.436648712280213e6
0.4300800000000008	18080.66155492146	1.5121951993126782e7	6.513953643837359e6
0.4352000000000008	18089.704863460338	1.512187508232437e7	6.59125710113446e6
0.4403200000000008	18098.942715031782	1.5121796446723228e7	6.668559027679933e6
0.44544000000000084	18108.37958584455	1.5121716010765998e7	6.745859362818744e6
0.45056000000000085	18118.018996787436	1.5121633818298612e7	6.82315809753023e6
0.45568000000000086	18127.872513267874	1.5121549717861557e7	6.900455139001589e6
0.4608000000000009	18137.9456436439	1.5121463635295952e7	6.97775042343544e6
0.4659200000000009	18148.2505841738	1.5121375510869578e7	7.0550438956963625e6
0.4710400000000009	18158.784494207808	1.5121285311980024e7	7.132335504001141e6
0.4761600000000009	18169.56166070165	1.5121192963264927e7	7.209625184568584e6
0.48128000000000093	18180.598015213254	1.5121098277669704e7	7.28691281887934e6
0.48640000000000094	18191.887515871695	1.5121001342175687e7	7.36419840626242e6
0.49152000000000096	18203.44796991501	1.5120901984572155e7	7.441481832680663e6
0.49664000000000097	18215.295663341083	1.5120800050805196e7	7.518762988457006e6
0.501760000000001	18227.424690005762	1.5120695570170324e7	7.596041841366226e6
0.506880000000001	18239.862596308005	1.51205883115795e7	7.673318244416923e6
0.512000000000001	18252.60054788932	1.512047835263941e7	7.750592185618764e6
0.517120000000001	18265.677309007973	1.5120365355753606e7	7.827863463026294e6
0.522240000000001	18279.09239044868	1.512024928594744e7	7.905132006273667e6
0.527360000000001	18292.844203595156	1.5120130187755723e7	7.982397785699261e6
0.5324800000000011	18306.968883977184	1.5120007710811285e7	8.059660579945446e6
0.5376000000000011	18321.46635171294	1.5119881839139214e7	8.13692032276229e6
0.5427200000000011	18336.354094518625	1.5119752419378579e7	8.2141768810455e6
0.5478400000000011	18351.667020404915	1.5119619149290586e7	8.291430044507318e6
0.5529600000000011	18367.39945138452	1.511948204947616e7	8.368679756329101e6
0.5580800000000011	18383.57985873515	1.511934088598771e7	8.44592583326321e6
0.5632000000000011	18400.22338089723	1.5119195482580671e7	8.523168113362228e6
0.5683200000000012	18417.355881332045	1.5119045583008373e7	8.60040638992219e6
0.5734400000000012	18434.980568578816	1.5118891200594641e7	8.677640595380342e6
0.5785600000000012	18453.144103890903	1.5118731941430498e7	8.75487044508519e6
0.5836800000000012	18471.867930202196	1.511856746963684e7	8.832095668734351e6
0.5888000000000012	18491.166176818864	1.5118397734588739e7	8.909316153657775e6
0.5939200000000012	18511.070796814463	1.5118222429235501e7	8.986531640800737e6
0.5990400000000012	18531.615989674865	1.5118041233630406e7	9.063741857341196e6
0.6041600000000013	18552.820577103335	1.5117853898890859e7	9.140946560051162e6
0.6092800000000013	18574.728977791015	1.5117660002243564e7	9.218145404273178e6
0.6144000000000013	18597.367676746475	1.511745950865834e7	9.295338267095858e6
0.6195200000000013	18620.782799718527	1.511725168887998e7	9.372524601734582e6
0.6246400000000013	18645.008434405427	1.5117036408940269e7	9.449704212846408e6
0.6297600000000013	18670.078840873834	1.511681321976904e7	9.526876703271816e6
0.6348800000000013	18696.051014840938	1.5116581636479598e7	9.604041651514726e6
0.6400000000000013	18722.9828410259	1.5116341051435346e7	9.681198546741411e6
0.6451200000000014	18750.90846509167	1.5116091371719118e7	9.75834718811955e6
0.6502400000000014	18779.859775801866	1.5115831869547285e7	9.835486958609633e6
0.6553600000000014	18809.943107871604	1.5115561792468991e7	9.912617235105196e6
0.6604800000000014	18841.243450633363	1.5115280259673597e7	9.989737284885598e6
0.6656000000000014	18873.76222266033	1.5114987442222487e7	1.0066847027630566e7
0.6707200000000014	18907.61271851864	1.511468189674403e7	1.0143945340500131e7
0.6758400000000014	18942.84309853246	1.5114363303536007e7	1.0221031807080617e7
0.6809600000000015	18979.57571686977	1.5114030667528959e7	1.0298105567197252e7
0.6860800000000015	19017.883161780544	1.5113683003028402e7	1.0375165728599893e7
0.6912000000000015	19057.828455905867	1.5113319671917824e7	1.0452211614656806e7
0.6963200000000015	19099.666317852236	1.5112938533282053e7	1.0529241546162387e7
0.7014400000000015	19143.325177383755	1.5112540107260026e7	1.0606255564001454e7
0.7065600000000015	19189.013655657447	1.511212217027654e7	1.068325186479773e7
0.7116800000000015	19236.910951494214	1.5111683096770704e7	1.0760229012475332e7
0.7168000000000015	19287.124332351486	1.5111221740861617e7	1.0837185857460551e7
0.7219200000000016	19339.809155855975	1.51107372886428e7	1.0914121477547092e7
0.7270400000000016	19395.1822792979	1.5110226481062504e7	1.0991033169746663e7
0.7321600000000016	19453.31924832728	1.5109689322774827e7	1.1067920511590315e7
0.7372800000000016	19514.665874511396	1.5109121176470881e7	1.1144779754007027e7
0.7424000000000016	19579.16732536624	1.5108522316164916e7	1.1221610561023874e7
0.7475200000000016	19647.125425312806	1.5107890178856762e7	1.1298410572726415e7
0.7526400000000016	19719.073807965153	1.5107219692768246e7	1.1375175539662255e7
0.7577600000000017	19795.039395284217	1.5106509746872302e7	1.1451903976133095e7
0.7628800000000017	19875.61761785889	1.510575481345869e7	1.1528591138540938e7
0.7680000000000017	19960.981961718673	1.5104954069245074e7	1.160523567299536e7
0.7731200000000017	20051.798901854323	1.5104098657867411e7	1.1681830106505333e7
0.7782400000000017	20148.557487146798	1.5103186164211895e7	1.175837174454464e7
0.7833600000000017	20251.61032638094	1.51022109129052e7	1.183485524959455e7
0.7884800000000017	20362.087360885722	1.5101163820950894e7	1.191127263826196e7
0.7936000000000017	20480.622323892378	1.5100035898641007e7	1.198761568960918e7
0.7987200000000018	20608.598023291746	1.5098815208531398e7	1.2063873781968353e7
0.8038400000000018	20747.139205267984	1.5097489176807823e7	1.2140035458711732e7
0.8089600000000018	20897.794233491673	1.5096044081334407e7	1.2216088134646675e7
0.8140800000000018	21062.46468039615	1.5094458727415865e7	1.2292012894248115e7
0.8192000000000018	21244.193244155438	1.5092702775539711e7	1.2367783063860701e7
0.8243200000000018	21445.588529727145	1.5090752379754473e7	1.2443376562672136e7
0.8294400000000018	21671.444038650403	1.508855988561962e7	1.2518751393023597e7
0.8345600000000019	21926.887702616645	1.5086074206689445e7	1.2593861674236292e7
0.8396800000000019	22219.534723676352	1.5083222735078614e7	1.2668642701997738e7
0.8448000000000019	22556.750580081538	1.5079939992043734e7	1.2743034112968603e7
0.8499200000000019	22955.326261388702	1.5076070874229891e7	1.2816899292790808e7
0.8550400000000019	23443.145476283247	1.5071364033437027e7	1.2890017421518264e7
0.8601600000000019	24059.691824553538	1.506549891689899e7	1.2962104055664608e7
0.8652800000000019	24922.0868690454	1.5057518547120081e7	1.303232715199509e7
0.870400000000002	26463.217722726444	1.5044065211746605e7	1.309778399332114e7
0.875520000000002	32820.86738339583	1.4995233140876893e7	1.3132712061072452e7
0.880640000000002	54251.066108620515	1.4838008129745169e7	1.3073418886629539e7
0.885760000000002	67286.24281955497	1.473848408819997e7	1.3062446446343739e7
0.890880000000002	76097.33127905452	1.46671838864181e7	1.3075004521521356e7
0.896000000000002	85277.44863197193	1.4588299783424126e7	1.307998546060577e7
0.901120000000002	96544.74124147269	1.448728222496419e7	1.3064326102573717e7
0.906240000000002	108386.10479864356	1.4376856063130546e7	1.3039044319837376e7
0.9113600000000021	122928.46183585485	1.4234274355464883e7	1.2983444655453635e7
0.9164800000000021	143100.975405017	1.402328809880275e7	1.28640148702566e7
0.9216000000000021	162670.8283143113	1.3803365934622113e7	1.2733935438287608e7
0.9267200000000021	185863.6100130022	1.3524981998901585e7	1.2547491403363857e7
0.9369600000000021	219806.67029354183	1.307059002526102e7	1.2260476642563898e7
0.9472000000000022	253461.7493349329	1.2514826485023927e7	1.1867426426979575e7
0.9523200000000022	270775.5279243358	1.2184010860298576e7	1.1615987799650999e7
0.9574400000000022	294445.47456428455	1.1674933203840978e7	1.1190579646082986e7
0.9625600000000022	327246.6935092942	1.0878520435968233e7	1.0483480747050593e7
0.9676800000000022	343340.8993859163	1.0422437309971772e7	1.009668091398166e7
0.9702400000000022	358423.0528448808	9.94398215174553e6	9.658715912962267e6
0.9728000000000022	382319.68535008375	9.116850569411693e6	8.879271329365237e6
0.9734400000000022	393629.6229016001	8.698153297941089e6	8.477585149132058e6
0.9737600000000022	400854.55327060574	8.427106573751707e6	8.2164977207343e6
0.9744000000000022	414585.4748271139	7.906518054116848e6	7.714724580087047e6
0.9756800000000021	433063.4897999593	7.187571429239446e6	7.023301796152292e6
0.976960000000002	451381.4225931843	6.439599396316016e6	6.301630854201455e6
0.9795200000000021	461936.84627669514	5.960546120886773e6	5.847934602942769e6
0.980800000000002	469667.49512555596	5.578519543867938e6	5.480429584532095e6
0.982080000000002	483699.67827785446	4.844769594138604e6	4.766619221246388e6
0.9827200000000019	495368.32742719667	4.198625337993799e6	4.134633056851215e6
0.9833600000000019	511546.8260762805	3.2672221495312285e6	3.2213677121489435e6
0.9846400000000018	530371.9469202823	2.116090191759741e6	2.09173355951901e6
0.9872000000000019	540856.3875745186	1.4095119976548422e6	1.3983932058458156e6
0.9884800000000018	543937.7918921089	1.1606470799901504e6	1.1535425889912623e6
0.9987200000000018	550758.0	550758.0	550758.0
