lambda	f0	f1	fla
0.0	391414.73270979885	2.4680664060958223e6	391414.73270979885
0.00256	391812.74079338566	2.4679424410334686e6	397127.6328260002
0.00512	392193.69399833115	2.467831521370318e6	402820.9596744757
0.007680000000000001	392615.27550031553	2.46773402778693e6	408552.18751787674
0.01024	393122.326707045	2.4676243821240226e6	414365.2277545149
0.0128	393655.6486510474	2.4675130169520164e6	420201.0229652998
0.01536	394212.0055014202	2.467402998031035e6	426056.2191466751
0.017920000000000002	394841.795356017	2.4672987758175526e6	431980.2244458877
0.02048	395590.2941027445	2.467196302042949e6	438016.78514535987
0.02304	396395.12598105974	2.4670874074680675e6	444103.87614652043
0.0256	397239.617758918	2.466975628974539e6	450224.8596460379
0.02816	398113.4859994309	2.4668589316368997e6	456369.357748582
0.03072	399039.22790065303	2.466732896418972e6	462558.7773975358
0.033280000000000004	400041.4963064036	2.4665626164144985e6	468815.319183601
0.033920000000000006	400767.05518314574	2.4664097334156297e6	470833.6548287916
0.03456000000000001	401687.4327854122	2.4662463463003663e6	473038.588836489
0.03520000000000001	402729.63394161116	2.466069446036799e6	475359.1953273618
0.03584000000000001	403855.7383086639	2.4658851562349442e6	477758.8726471418
0.03648000000000001	405038.63029801735	2.465691298761975e6	480211.23964358255
0.037120000000000014	406265.44839084294	2.4654854594396753e6	482703.69520097564
0.037760000000000016	407548.6477407666	2.4652621009427914e6	485247.9077336751
0.03904000000000002	409500.21163050155	2.4649202737053e6	489743.8108539017
0.04032000000000002	411517.5730509698	2.464599866919499e6	494297.85113974893
0.041600000000000026	413539.7848968658	2.4643078250611816e6	498851.73536770133
0.044160000000000026	416216.10581427126	2.463940292752358e6	506643.6059094572
0.046720000000000025	418900.03802145086	2.4635836349678067e6	514427.6556707847
0.049280000000000025	421594.4822640164	2.4632294019552423e6	522206.2511064001
0.051840000000000025	424428.2227972206	2.462873430478572e6	530101.2223634219
0.05312000000000003	426275.05230162846	2.462646116296136e6	534447.0832210167
0.05568000000000003	429275.0769337782	2.462305969732454e6	542474.2370448085
0.05824000000000003	431883.45150916744	2.4620091273375032e6	550117.9708694097
0.06080000000000003	434104.99352075625	2.461745650337776e6	557385.5454552311
0.06336000000000003	435949.0829935622	2.461522932202751e6	564289.4420794564
0.06592000000000003	437463.40703720006	2.4613293379474618e6	570876.6492028045
0.06848000000000004	438727.5540232536	2.461147553588573e6	577222.8755934867
0.07104000000000005	439801.3227247078	2.4609919620812517e6	583386.7057445968
0.07360000000000005	440733.30028744665	2.4608539745034287e6	589414.181909743
0.07616000000000006	441582.4693963316	2.4607080039037466e6	595359.0701044165
0.07872000000000007	442359.9230118006	2.4605763681227574e6	601233.9215709353
0.08128000000000007	443095.40492611565	2.460449562608768e6	607065.9508625618
0.08384000000000008	443805.5861629586	2.4603241703141285e6	612870.5042581928
0.08640000000000009	444506.9343636388	2.460199077828938e6	618662.7355590409
0.0889600000000001	445204.1745798106	2.460077178601372e6	624447.2770175689
0.0915200000000001	445887.1881469846	2.4599579919422446e6	630214.9481103271
0.09408000000000011	446567.38390975114	2.4598347526742527e6	635975.5779631156
0.09664000000000011	447249.3039074096	2.4597094979067165e6	641733.4570555028
0.09920000000000012	447935.47465946665	2.459587602107168e6	647491.3657022789
0.10176000000000013	448645.4902662685	2.459459786246091e6	653265.9530251755
0.10432000000000013	449378.2485339873	2.45932706133633e6	659056.1086855279
0.10688000000000014	450146.7669451729	2.459193104686818e6	664873.6395230002
0.10944000000000015	450949.9804172458	2.459054886832387e6	670716.9813753192
0.11200000000000015	451796.61334787874	2.4589105430472055e6	676593.3734742036
0.11456000000000016	452699.43567308283	2.458759842753671e6	682513.7159082354
0.11712000000000017	453672.29402290424	2.458600919258415e6	688489.5346104875
0.11968000000000018	454735.45309425524	2.4584341385100493e6	694538.1117648177
0.12224000000000018	455912.3794706831	2.458251738233991e6	700678.3426859102
0.12480000000000019	457063.20973136113	2.4580770215425063e6	706789.7334453925
0.1273600000000002	458198.1365935312	2.457899909463686e6	712880.1543862745
0.1299200000000002	459306.88409640006	2.457729434532347e6	718941.9418490387
0.1324800000000002	460382.8570375496	2.4575547361629056e6	724968.1875840772
0.13504000000000022	461421.0417594126	2.457372982691476e6	730954.3918628788
0.13760000000000022	462465.31560281327	2.457168441654633e6	736936.4657475441
0.1379200000000002	463203.645346578	2.456931989976228e6	738178.6586378997
0.13793000000000022	464142.48020363756	2.4566418949385975e6	738967.924478031
0.13857000000000022	465293.4188091188	2.456318518387041e6	741189.766857632
0.13985000000000022	466521.41767062555	2.456015245444079e6	744752.1294847435
0.14241000000000023	468006.2812810564	2.455681639922588e6	751071.1291051974
0.14497000000000024	469340.77302984765	2.4554163814896923e6	757262.1539882717
0.14753000000000024	470545.31649516907	2.4551776616556915e6	763338.1263767014
0.15009000000000025	471621.16320356005	2.4549880746496245e6	769304.7029425004
0.15265000000000026	472561.01292108453	2.454829943276992e6	775154.3651399142
0.15521000000000026	473387.3837046154	2.4547004493909944e6	780906.9846297988
0.15777000000000027	474133.53677186504	2.454589128676949e6	786590.0155067306
0.16033000000000028	474830.19262834167	2.454493074637131e6	792229.5425008114
0.16289000000000028	475484.92551164737	2.454406792784421e6	797831.5084717099
0.1654500000000003	476117.9981187144	2.4543315057619894e6	803413.4229582947
0.1680100000000003	476760.9656625712	2.4542642025808394e6	809001.28449721
0.1705700000000003	477434.8990397367	2.4542136369425384e6	814614.0483638182
0.1731300000000003	478485.14064404723	2.4541927250781246e6	820539.3947371196
0.17441000000000031	479503.56996117684	2.454171931924131e6	823905.4789711363
0.17697000000000032	481066.51958839083	2.4540698622691836e6	830228.9211426114
0.17953000000000033	482650.0857330947	2.4539357579423245e6	836555.0024648183
0.18209000000000033	484175.0332996335	2.453781030346643e6	842820.5893019242
0.18465000000000034	485587.50386562676	2.4535920505131036e6	848979.543404084
0.18721000000000035	486916.1415881186	2.4533920281566726e6	855060.0923126184
0.18977000000000036	488176.2359185413	2.453144634237244e6	861068.2888674822
0.19233000000000036	489372.81359403126	2.452861754357544e6	867010.6415710783
0.19489000000000037	490543.8316711445	2.452534861003602e6	872916.2633777478
0.19745000000000038	491720.9787048962	2.452173939583198e6	878812.4158303177
0.20001000000000038	492908.9077734125	2.4517810567360176e6	884702.9262874238
0.2025700000000004	494121.254855111	2.451347118213226e6	890596.4979955652
0.2051300000000004	495360.72550063493	2.450873488553373e6	896495.0585856439
0.2076900000000004	496586.85879488214	2.4503924412590517e6	902372.7402168664
0.2102500000000004	497780.2577187244	2.4499179754975764e6	908217.2128817288
0.21281000000000042	498959.91834919574	2.4494453458635947e6	914042.7221785358
0.21537000000000042	500137.30322968116	2.448964157495099e6	919856.1428328251
0.21793000000000043	501310.2177698363	2.4484798256302914e6	925656.8904108661
0.22049000000000044	502496.1898094725	2.4479812137316987e6	931456.182734085
0.22305000000000044	503692.83214875235	2.4474677337545985e6	937251.8239519373
0.22561000000000045	504872.23330701893	2.446959525887658e6	943026.5473861378
0.22817000000000046	506016.0785898613	2.4464888151310077e6	948773.7428864555
0.23073000000000046	507119.9700051803	2.4460442937356774e6	954487.9792195187
0.23329000000000047	508180.0946907933	2.4456279168730555e6	960167.2971276941
0.23585000000000048	509206.82446181553	2.4452320599887567e6	965818.3762608456
0.23841000000000048	510209.5314321194	2.444852547646393e6	971447.7729277653
0.2409700000000005	511191.5072246065	2.4444822118126163e6	977056.5683091802
0.2435300000000005	512130.8409061271	2.444142400579825e6	982633.6160334637
0.2460900000000005	513045.42751264706	2.4438133548447415e6	988188.1067498031
0.2486500000000005	513929.0700198392	2.44350979036488e6	993719.3161336347
0.2512100000000005	514792.0554772747	2.4432156688669464e6	999231.351396895
0.2537700000000005	515640.0771783342	2.4429341024817238e6	1.0047294819795763e6
0.2563300000000005	516477.1712263209	2.442655805224616e6	1.010214540479105e6
0.2588900000000005	517306.95797996206	2.4423743853291254e6	1.0156876642463879e6
0.2614500000000005	518130.506067399	2.442098238108203e6	1.0211518696094682e6
0.2640100000000005	518900.0295536305	2.441848292295617e6	1.0265776004001433e6
0.26657000000000053	519591.93523994356	2.441624757553797e6	1.0319482246841486e6
0.26913000000000054	520226.91780057584	2.4414218549193656e6	1.0372781112273568e6
0.27169000000000054	520802.1393689645	2.44123898131633e6	1.0425656249576452e6
0.27425000000000055	521329.88573995244	2.441068251314262e6	1.0478181324987079e6
0.27681000000000056	521810.73899972654	2.440913523153615e6	1.0530375806813654e6
0.27937000000000056	522253.4376277723	2.440766893000926e6	1.0582285416553712e6
0.28193000000000057	522666.73805038095	2.440634639769949e6	1.0633994285821798e6
0.2844900000000006	523055.9646705635	2.4405124719654936e6	1.0685531664308994e6
0.2870500000000006	523427.24131603545	2.4403972126069935e6	1.073693471575106e6
0.2896100000000006	523789.7154493299	2.44028679319557e6	1.0788264341354195e6
0.2921700000000006	524143.6474106164	2.4401816605910882e6	1.083952473721556e6
0.2947300000000006	524497.4723033857	2.440080896286791e6	1.0890773748540161e6
0.2972900000000006	524854.141952264	2.439983323006858e6	1.0942028961879855e6
0.2998500000000006	525217.9685918544	2.439885079114303e6	1.0993309016820118e6
0.3024100000000006	525591.388608858	2.439787646544816e6	1.1044634789712722e6
0.30497000000000063	525978.878403301	2.4396866164004114e6	1.109602327260281e6
0.30753000000000064	526383.0467481472	2.439585963192474e6	1.1147503396422723e6
0.31009000000000064	526809.0388697757	2.4394837985148598e6	1.119910355088121e6
0.31265000000000065	527255.3442905092	2.4393785945285745e6	1.1250806784774414e6
0.31521000000000066	527730.3101261912	2.4392699122286746e6	1.1302667081049164e6
0.31777000000000066	528229.9280766434	2.4391603586348277e6	1.135466290995119e6
0.32033000000000067	528744.2323711894	2.439051735093829e6	1.1406730347183337e6
0.3228900000000007	529272.0528996746	2.4389404573817533e6	1.1458848840228943e6
0.3254500000000007	529818.2127800984	2.4388268175251167e6	1.151105063194366e6
0.3280100000000007	530384.8714417312	2.4387105984493056e6	1.156334793157487e6
0.3305700000000007	530975.7372261811	2.4385874840845233e6	1.1615749523851445e6
0.3331300000000007	531578.7368058637	2.4384441365860933e6	1.166812807434653e6
0.3356900000000007	532195.3383190215	2.4382760003393283e6	1.1720475557526196e6
0.3382500000000007	532824.9217117244	2.4380856739731627e6	1.177279371164157e6
0.3408100000000007	533473.9616102459	2.4378705756694395e6	1.1825113716477612e6
0.34337000000000073	534142.1212769292	2.4376272237959197e6	1.1877418009288763e6
0.34593000000000074	534834.8108736317	2.4373585066231554e6	1.192974832944266e6
0.34849000000000074	535559.9581496594	2.43706062356997e6	1.1982139250419848e6
0.35105000000000075	536460.6174319807	2.4366813263925873e6	1.2035330973126031e6
0.35361000000000076	537502.6014639518	2.436337948777315e6	1.2089497686274317e6
0.35617000000000076	538524.3845332059	2.4360000296664694e6	1.214348285060322e6
0.35873000000000077	539439.7435979346	2.435707099556911e6	1.2196877322010996e6
0.3612900000000008	540252.6202517131	2.4354528585724877e6	1.2249695143546273e6
0.3638500000000008	540975.4282859939	2.4352165197437294e6	1.2301950494128924e6
0.3664100000000008	541607.650775682	2.4349767422774322e6	1.2353570195928398e6
0.3689700000000008	542179.930430008	2.4347471569313677e6	1.2404804599922162e6
0.3715300000000008	542702.8254243826	2.434521804292418e6	1.2455703306432255e6
0.3740900000000008	543183.9199499361	2.434299442649712e6	1.2506313258366967e6
0.3766500000000008	543640.3790666251	2.4340723020633617e6	1.2556715628633476e6
0.3792100000000008	544076.894424922	2.433844256371336e6	1.260695575748623e6
0.38177000000000083	544492.3970556698	2.4336162527514715e6	1.2657032114446575e6
0.38433000000000084	544888.3421874435	2.43339296136202e6	1.27069732247481e6
0.38689000000000084	545258.4718149215	2.4331861643118374e6	1.2756788167650548e6
0.38945000000000085	545606.9198278852	2.4329961260723798e6	1.2806506461998052e6
0.39201000000000086	545937.322337391	2.432819547444348e6	1.285614023401571e6
0.39457000000000086	546251.9739156485	2.4326576990561904e6	1.2905710808843537e6
0.39713000000000087	546553.6049477234	2.4325064872715054e6	1.2955220731049685e6
0.3996900000000009	546844.0714266466	2.432361575674245e6	1.300466562699371e6
0.4022500000000009	547125.533293334	2.432224406747001e6	1.3054065551400732e6
0.4048100000000009	547397.348066869	2.4320956910293493e6	1.3103420842815123e6
0.4073700000000009	547664.162817511	2.4319713351470698e6	1.3152743756094049e6
0.4099300000000009	547928.113316826	2.4318486211001026e6	1.3202036470724263e6
0.4124900000000009	548197.7302438581	2.4317598937792564e6	1.3251482870805762e6
0.4150500000000009	548473.6021565865	2.4316869926639367e6	1.330101319886664e6
0.4176100000000009	548752.7547822794	2.4316146378101287e6	1.3350547057535413e6
0.42017000000000093	549036.8240820963	2.431544966014455e6	1.3400102700778171e6
0.42273000000000094	549327.3435926146	2.431477175841474e6	1.3449685421791766e6
0.42529000000000095	549625.3343226794	2.4314076629088866e6	1.3499285408471092e6
0.42785000000000095	549924.7595474945	2.4313351038299184e6	1.3548861753487312e6
0.43041000000000096	550221.7739220395	2.4312548638575478e6	1.3598372261611833e6
0.43297000000000097	550519.0320779355	2.4311698327823915e6	1.3647844092589456e6
0.43553000000000097	550814.035930264	2.4310865951913474e6	1.3697291436652453e6
0.438090000000001	551106.7786863493	2.431002372878042e6	1.37467023954579e6
0.440650000000001	551390.7706683503	2.4309226883646483e6	1.3796065102012258e6
0.443210000000001	551667.3588369072	2.430847485577495e6	1.384538782809605e6
0.445770000000001	551937.5681006907	2.4307774540175805e6	1.3894680240458644e6
0.448330000000001	552200.9201565293	2.4307094749393743e6	1.394392660522324e6
0.450890000000001	552453.4283418868	2.4306339954968607e6	1.3993062642663948e6
0.453450000000001	552694.4806080093	2.4305514292174214e6	1.4042087139549493e6
0.456010000000001	552928.2966622802	2.430464418178699e6	1.409103543434984e6
0.45857000000000103	553154.0516921439	2.430369733036896e6	1.4139888466864089e6
0.46113000000000104	553372.9464633478	2.430269101245743e6	1.4188660703181557e6
0.46369000000000105	553587.68340863	2.4301641779668573e6	1.4237374381703364e6
0.46625000000000105	553798.6655935242	2.4300544008234115e6	1.4286029021444612e6
0.46881000000000106	553999.3345630863	2.4299402536461037e6	1.4334591968383975e6
0.47137000000000107	554186.557717763	2.429819203754179e6	1.4383035180799505e6
0.4739300000000011	554361.8280693318	2.4296932798168464e6	1.4431376629960334e6
0.4764900000000011	554527.6710690714	2.429562622942893e6	1.4479630752874305e6
0.4790500000000011	554684.7373994754	2.429425966847835e6	1.4527795233667141e6
0.4816100000000011	554835.2859630797	2.4292837901971405e6	1.4575884300872479e6
0.4841700000000011	554978.8986277686	2.429137679166329e6	1.4623903554011255e6
0.4867300000000011	555118.107457058	2.4289887071171263e6	1.4671871444296052e6
0.4892900000000011	555252.7508722912	2.42883408316697e6	1.4719773609507566e6
0.4918500000000011	555383.1299378648	2.4286750238042995e6	1.4767617479360728e6
0.4944100000000011	555507.7389312093	2.4285134746018024e6	1.4815405047041094e6
0.49697000000000113	555628.5320709753	2.4283486412784886e6	1.4863142447438352e6
0.49953000000000114	555745.3975487067	2.428182043499793e6	1.491083675300655e6
0.5020900000000011	555859.6962023242	2.4280104393383563e6	1.4958478628234966e6
0.5046500000000012	555970.3609062219	2.4278346889598975e6	1.5006066940585116e6
0.5072100000000012	556078.7890402584	2.427653983361964e6	1.505360443352173e6
0.5097700000000012	556185.0872065363	2.4274679435896035e6	1.5101089489049348e6
0.5123300000000012	556290.5660570605	2.4272754996773396e6	1.5148522770987405e6
0.5148900000000012	556394.6635427797	2.4270785154358335e6	1.5195910720439963e6
0.5174500000000012	556497.7169330069	2.4268783663710477e6	1.5243261839847234e6
0.5200100000000012	556598.6245559853	2.42667533293989e6	1.5290572136827018e6
0.5225700000000012	556699.6365300675	2.4264671518643238e6	1.533784047018292e6
0.5251300000000012	556799.8816997474	2.426254114712597e6	1.5385063830817873e6
0.5276900000000012	556900.3162435511	2.4260374567196816e6	1.5432252939014027e6
0.5302500000000012	557001.8412522345	2.4258141188919703e6	1.5479395514707067e6
0.5328100000000012	557103.9076003106	2.425586068778379e6	1.5526498878975995e6
0.5353700000000012	557207.1319915712	2.4253524677520217e6	1.557356100397646e6
0.5379300000000012	557311.9159846964	2.425111272898363e6	1.5620572240492674e6
0.5404900000000012	557419.1102608691	2.4248635797414836e6	1.5667541715704487e6
0.5430500000000013	557528.5350209889	2.424607313255721e6	1.5714456655413625e6
0.5456100000000013	557640.3293154006	2.424343666305951e6	1.5761323370108171e6
0.5481700000000013	557755.6010144559	2.4240707964662528e6	1.5808136017052697e6
0.5507300000000013	557874.5440500794	2.423788046793866e6	1.5854890874161674e6
0.5532900000000013	557997.8167462008	2.4234931622254644e6	1.5901577364464249e6
0.5558500000000013	558125.6552105171	2.4231881453326717e6	1.5948206403449192e6
0.5584100000000013	558258.3513182105	2.422869889613664e6	1.599476080417777e6
0.5609700000000013	558397.1895607632	2.422538282090528e6	1.6041244182371877e6
0.5635300000000013	558542.1683395308	2.4221911003448246e6	1.6087642509924765e6
0.5660900000000013	558694.8334128207	2.4218271756776925e6	1.6133954210455443e6
0.5686500000000013	558855.9944187503	2.4214440337374397e6	1.6180166829773255e6
0.5712100000000013	559026.6707170325	2.4210395696921423e6	1.6226270587406075e6
0.5737700000000013	559207.9118601206	2.4206121327932924e6	1.627225811704949e6
0.5763300000000013	559402.0759805362	2.42015686514445e6	1.6318108836193774e6
0.5788900000000013	559610.8296558235	2.419671063059002e6	1.6363810981705922e6
0.5814500000000014	559830.8042122778	2.419162301843147e6	1.640939103509749e6
0.5840100000000014	560056.2483085968	2.4186422012573406e6	1.6454890306901953e6
0.5865700000000014	560289.407220282	2.418107060682281e6	1.6500295082114893e6
0.5891300000000014	560529.8953775989	2.4175569861899493e6	1.6545602653878813e6
0.5916900000000014	560775.431170418	2.416995909890645e6	1.6590825262243918e6
0.5942500000000014	561023.4624098991	2.4164300201060977e6	1.6635988093208678e6
0.5968100000000014	561272.0833636025	2.415861719937046e6	1.6681097243670018e6
0.5993700000000014	561517.891618937	2.4153001785699166e6	1.6726193809487482e6
0.6019300000000014	561759.5439651276	2.4147501755003016e6	1.6771301948050973e6
0.6044900000000014	561998.6369654257	2.414205767379784e6	1.6816393252296038e6
0.6070500000000014	562223.5686680353	2.413683893129835e6	1.6861525586325736e6
0.6096100000000014	562438.0049239511	2.4131779577683844e6	1.6906675875774487e6
0.6121700000000014	562644.1543585409	2.4126849958076356e6	1.695183656268436e6
0.6147300000000014	562841.9252362965	2.4122064807813065e6	1.6997017984664831e6
0.6172900000000014	563034.1785643637	2.4117360926873665e6	1.7042193831333548e6
0.6198500000000015	563222.5437672219	2.411268962534276e6	1.708734116439983e6
0.6224100000000015	563410.0969779488	2.410803694916445e6	1.7132463462708509e6
0.6249700000000015	563598.2798890063	2.4103318189954385e6	1.717751339824356e6
0.6275300000000015	563788.8666136016	2.4098533415921126e6	1.7222497065968693e6
0.6300900000000015	563983.9214681895	2.4093640822468065e6	1.726739506973191e6
0.6326500000000015	564185.8013402715	2.40885745367131e6	1.731217322187506e6
0.6352100000000015	564395.5815882481	2.408332490930955e6	1.7356827457718318e6
0.6377700000000015	564614.9821426306	2.407785863048657e6	1.74013407485807e6
0.6403300000000015	564846.5318344859	2.4072115338427946e6	1.7445681135704692e6
0.6428900000000015	565092.3155457916	2.406608092523421e6	1.7489843934069425e6
0.6454500000000015	565353.1108679558	2.405972625044521e6	1.7533809762932225e6
0.6480100000000015	565631.7899346198	2.4053012572590252e6	1.7577560014555105e6
0.6505700000000015	565935.5787080827	2.4045798016746985e6	1.7621023508434768e6
0.6531300000000015	566271.3752022465	2.403798416355937e6	1.766415411590959e6
0.6556900000000015	566648.6530661416	2.4029421699366067e6	1.7706879491429396e6
0.6582500000000016	567086.9571535605	2.4019766233316027e6	1.7749030799152595e6
0.6608100000000016	567612.8350177536	2.400858193465974e6	1.7790397003339252e6
0.6633700000000016	568283.7459375039	2.399491336211268e6	1.7830519250974134e6
0.6659300000000016	569223.9231171637	2.3976571909981966e6	1.786832489197183e6
0.6672100000000015	569880.468841674	2.396412470333223e6	1.7885608855568534e6
0.6684900000000015	570736.0285918512	2.394810816250151e6	1.7901117833935507e6
0.6697700000000014	571720.1095506859	2.392962510436369e6	1.7915336323918924e6
0.6710500000000014	572830.0369674684	2.390867461587753e6	1.7928240507589132e6
0.6723300000000013	573953.0888424322	2.38873006622798e6	1.79408209404806e6
0.6748900000000013	575519.6950275608	2.3856557704884494e6	1.7971624309953623e6
0.6774500000000013	576864.1224902747	2.382969401143398e6	1.8004101435138357e6
0.6800100000000013	577734.6730646996	2.3810826657471694e6	1.8040293415687084e6
0.6825700000000013	578320.3609813324	2.3796936576688094e6	1.8078837321013059e6
0.6851300000000013	578756.2285941457	2.3785726949997125e6	1.8118644842225942e6
0.6876900000000014	579119.9388072431	2.377597330979067e6	1.815914856629887e6
0.6902500000000014	579448.6341515722	2.3767729519784125e6	1.820051744531551e6
0.6928100000000014	579845.6435393366	2.375998467570725e6	1.824238281556525e6
0.6953700000000014	580234.7478500989	2.3751369291898804e6	1.8283558776883453e6
0.6979300000000014	580594.9795788708	2.3742435122839734e6	1.8324361000097455e6
0.7004900000000014	580912.6690538912	2.3733541116278153e6	1.836499975162502e6
0.7030500000000014	581189.0386503128	2.372487314562872e6	1.84056129153064e6
0.7056100000000014	581434.8694882325	2.3716331602726327e6	1.8446166854486156e6
0.7081700000000014	581662.0166058496	2.3707792759462865e6	1.8486611861529693e6
0.7107300000000014	581880.8615801838	2.369904826645472e6	1.8526831342710387e6
0.7132900000000014	582095.1213003696	2.3690146495925197e6	1.85668695163588e6
0.7158500000000014	582311.5560251846	2.3680867897176733e6	1.860658757063955e6
0.7184100000000014	582534.5448834893	2.3671110953240525e6	1.864592184485497e6
0.7209700000000014	582764.2453866504	2.366093718363541e6	1.868491295518802e6
0.7235300000000014	583006.2490997836	2.365013656704533e6	1.8723420687240504e6
0.7260900000000015	583261.9854147594	2.3638653576079477e6	1.8761402879305142e6
0.7286500000000015	583536.1564433534	2.3626348809344433e6	1.8798764420437887e6
0.7312100000000015	583832.0326162087	2.361307938201152e6	1.8835401895389776e6
0.7337700000000015	584151.6389503877	2.3598914456472415e6	1.8871362369103408e6
0.7363300000000015	584503.7301902896	2.3583536670975564e6	1.89064265423322e6
0.7388900000000015	584899.6278522848	2.356657835029722e6	1.8940340495536241e6
0.7414500000000015	585360.4064746	2.354731015512242e6	1.8972602445455622e6
0.7440100000000015	585918.3659070996	2.3524673709403835e6	1.9002484911419158e6
0.7465700000000015	586634.5718680689	2.3496674542715456e6	1.9028620308840352e6
0.7478500000000015	587085.2380969742	2.3479573368939394e6	1.9039534371822872e6
0.7484900000000014	587437.5634544531	2.3467353684693566e6	1.9042543775300607e6
0.7485000000000014	588089.7893648747	2.344894603128547e6	1.9030581924669857e6
0.7491400000000014	588784.4986465106	2.3427323371045236e6	1.9027369823489487e6
0.7517000000000014	589623.4586122615	2.3394968858333025e6	1.9050033138543204e6
0.7542600000000014	590382.2944440386	2.33639367738692e6	1.9073288401425388e6
0.7549000000000013	590617.3987150756	2.335468226072061e6	1.9078052882868662e6
0.7552200000000013	590743.9284436243	2.3349782472521234e6	1.9080245706941814e6
0.7553800000000014	590812.6415889551	2.334717776600715e6	1.9081237024741406e6
0.7555400000000014	590874.7438604421	2.334472645173664e6	1.9082327022186364e6
0.7555500000000014	590890.5890509104	2.3344243560977792e6	1.9082175267431745e6
0.7555600000000013	591029.2603973412	2.3345120992765464e6	1.9083351541409157e6
0.7555700000000013	591932.973886586	2.3327798459240347e6	1.9072646449919234e6
0.7562100000000013	592431.8454451542	2.3312821945692664e6	1.9073678679563012e6
0.7587700000000013	593291.9899644286	2.3278497192978533e6	1.9094223582507535e6
0.7613300000000013	594000.8111456468	2.324806800860281e6	1.9117153352950914e6
0.7638900000000013	594623.6531632844	2.322074259041272e6	1.9142058964874225e6
0.7664500000000013	595218.6635147316	2.319419996017894e6	1.9167327748117824e6
0.7690100000000013	595815.4163853314	2.3167278649548385e6	1.9192142984597704e6
0.7715700000000013	596432.9738676943	2.3139139775992427e6	1.9215897919168475e6
0.7741300000000013	597084.8291747582	2.310920924828604e6	1.923816765903272e6
0.7766900000000013	597783.8558166674	2.30769131982701e6	1.9258518840388625e6
0.7792500000000013	598534.1912799607	2.304213893979314e6	1.927685099608434e6
0.7818100000000013	599303.4566277744	2.300683622508526e6	1.929459484115007e6
0.7843700000000013	600113.572535842	2.2969942665910283e6	1.9310958825319107e6
0.7869300000000014	600980.1382060683	2.2930795883683013e6	1.9325439585222364e6
0.7894900000000014	601929.7144786068	2.2888217134996066e6	1.9337140787856984e6
0.7920500000000014	602913.4728059674	2.284334945673935e6	1.9346833503910436e6
0.7946100000000014	603934.5597521842	2.2795776799518717e6	1.9354173394940603e6
0.7971700000000014	605012.0968057298	2.2744668540357295e6	1.935851345626771e6
0.7997300000000014	606171.8330399509	2.2688799029531376e6	1.9358893577916261e6
0.8022900000000014	607445.4611249946	2.2626751081155622e6	1.9354196546090594e6
0.8048500000000014	608546.6738058325	2.257367489566531e6	1.935600107370833e6
0.8074100000000014	609370.8764233672	2.2534961885159034e6	1.9368540946600044e6
0.8099700000000014	610023.604655487	2.25051990059968e6	1.9387763894814071e6
0.8125300000000014	610600.6548485417	2.247940663451208e6	1.9409885320384682e6
0.8150900000000014	611163.1483275812	2.245443817587315e6	1.9432489790345002e6
0.8176500000000014	611742.080317824	2.24286606967056e6	1.9454306102120907e6
0.8202100000000014	612288.7206305672	2.2403543752551787e6	1.947644451210222e6
0.8227700000000014	612819.0259829826	2.237836642848299e6	1.9498347706112613e6
0.8253300000000015	613355.3675754309	2.2352252562004775e6	1.951933242754343e6
0.8278900000000015	613917.2381658275	2.2324238988780994e6	1.9538627175029125e6
0.8304500000000015	614521.7768601236	2.229353625339832e6	1.9555588854301e6
0.8330100000000015	615183.5860677959	2.225934250045079e6	1.9569549966675148e6
0.8342900000000014	615696.9301780349	2.2239624452586286e6	1.9574567667546258e6
0.8368500000000014	616462.0420444123	2.220607434672824e6	1.958891113865501e6
0.8394100000000014	617123.8018420698	2.2172057149936594e6	1.9602485605606479e6
0.8419700000000014	617781.3078836037	2.213558289996368e6	1.9613776535130902e6
0.8445300000000014	618473.2651939433	2.2095788355683265e6	1.9622096525422235e6
0.8470900000000015	619171.0347648549	2.205564212623696e6	1.9629888317973027e6
0.8496500000000015	619815.0337313549	2.20202229960953e6	1.9641374371847485e6
0.8522100000000015	620403.3991780144	2.198835959427979e6	1.9655594113486388e6
0.8547700000000015	620779.2590850993	2.1967083217495345e6	1.9678361439787808e6
0.8573300000000015	621044.5424825721	2.1951326719601816e6	1.9705575185276135e6
0.8598900000000015	621260.2367251606	2.1937805911789956e6	1.973454764316471e6
0.8624500000000015	621458.9558388025	2.1924817051054398e6	1.9763875259438162e6
0.8650100000000015	621657.622126761	2.191136762660641e6	1.979272773479975e6
0.8675700000000015	621866.2391436177	2.189684554907975e6	1.9820583753513033e6
0.8701300000000015	622089.577548112	2.1880873658732474e6	1.9847112331034644e6
0.8726900000000015	622332.6877118155	2.186306840213187e6	1.9871972908582396e6
0.8752500000000015	622600.8051776376	2.184294888603665e6	1.9894735516962702e6
0.8778100000000015	622897.8440972114	2.182015855659497e6	1.9915072258267037e6
0.8803700000000015	623231.207624836	2.1793973235671967e6	1.9932331711170145e6
0.8829300000000015	623607.9828754156	2.17636733806068e6	1.9945858003491433e6
0.8854900000000016	624037.3838801224	2.1728321131695937e6	1.9954796287186588e6
0.8880500000000016	624533.5651687003	2.168648553728124e6	1.995784880758899e6
0.8906100000000016	625083.6505914483	2.163907658669861e6	1.9955757004261657e6
0.8931700000000016	625605.9373632097	2.159339712230576e6	1.995490933061498e6
0.8957300000000016	626101.4279151373	2.154943552949491e6	1.9955311845721612e6
0.8982900000000016	626615.530057787	2.150288895123195e6	1.9953160771623948e6
0.9008500000000016	627197.6590074493	2.144890135351045e6	1.9944109263215798e6
0.9034100000000016	627889.8414147556	2.1382992021225477e6	1.9924087619717843e6
0.9059700000000016	628598.385573883	2.1314835698867887e6	1.9901672760058488e6
0.9085300000000016	629209.7034346166	2.1256673306502234e6	1.9887863514888142e6
0.9110900000000016	629872.5235987639	2.119259046855486e6	1.9868376910727334e6
0.9136500000000016	630696.5677618636	2.1110206933292923e6	1.9831947050865474e6
0.9149300000000016	631203.7467276376	2.1058036648357688e6	1.9803594498023123e6
0.9162100000000015	631795.403282319	2.099596691867782e6	1.976609621897208e6
0.9174900000000015	632499.2622892107	2.0920591043895613e6	1.9716308218178635e6
0.9187700000000014	633349.327423963	2.082769804681696e6	1.9650333793140524e6
0.9200500000000014	634397.8749483333	2.0710687171321604e6	1.9562068832995654e6
0.9213300000000013	635457.5093116411	2.058835061529914e6	1.9468579494969042e6
0.9226100000000013	636242.2056694737	2.049150315735504e6	1.9398053570974958e6
0.9238900000000012	637068.2169919709	2.0385538515867544e6	1.9318867799377472e6
0.9245300000000012	637560.6187020635	2.0321573334801253e6	1.9269071194158266e6
0.9251700000000012	638155.1459059446	2.024396041603407e6	1.9206636353783675e6
0.9253300000000012	638403.7123991098	2.0212107981239818e6	1.9179565930329072e6
0.9254100000000012	638692.854416198	2.0175796926791798e6	1.9147285234131457e6
0.9254500000000012	639071.9062389593	2.0128602506600358e6	1.9104443295834463e6
0.9254700000000012	639481.1828031394	2.0077774812509203e6	1.905798358127609e6
0.9254800000000012	639822.6212196021	2.00353997918168e6	1.9019157616663475e6
0.9254900000000011	640343.5730740278	1.9970748662456218e6	1.8959848175914078e6
0.9255000000000011	641201.5987042092	1.9864266016308572e6	1.8862073389128232e6
0.925510000000001	642776.4292110268	1.9668804102168009e6	1.868247904671682e6
0.925520000000001	645394.7052670075	1.9343748819218474e6	1.8383716383645963e6
0.925530000000001	648742.7349742997	1.8927989374254998e6	1.80015407202896e6
0.9255400000000009	651867.3013113856	1.8539902381837694e6	1.7644801643042527e6
0.9255500000000009	653963.2306627603	1.8279512716352912e6	1.7405478619848872e6
0.9255900000000009	655824.6885797555	1.8047995397067163e6	1.7193043210343602e6
0.9262300000000009	657998.1280504593	1.7771879457778651e6	1.6946253129241155e6
0.9268700000000009	659018.0127109428	1.7637158700086847e6	1.6829293157045017e6
0.9275100000000008	660135.8579869142	1.7487668788810112e6	1.6698520161763988e6
0.9278300000000008	660795.4691730416	1.7399067421260308e6	1.6620272815570147e6
0.9281500000000008	661534.80598865	1.7299459105828144e6	1.6531805727177246e6
0.9284700000000008	662384.9581780087	1.7184621941711502e6	1.6429209894805616e6
0.9297500000000007	663596.492019381	1.7018826454825085e6	1.6289430432017245e6
0.9323100000000007	664068.441451766	1.6947989903375767e6	1.625028839483497e6
0.9335900000000007	664351.4041192866	1.6904643414569777e6	1.6223201812883823e6
0.9342300000000007	664533.1375120995	1.6877114181951825e6	1.620416982674657e6
0.9348700000000006	664783.9358425791	1.684018241582552e6	1.6176355112497082e6
0.9351900000000006	664991.2944153849	1.6810742110892655e6	1.615221877259632e6
0.9353500000000007	665156.3012897623	1.6787852415209087e6	1.6132541305349658e6
0.9355100000000007	665433.9770784972	1.6749754434580123e6	1.6098701142911983e6
0.9355900000000007	665673.6742148867	1.6716945021293936e6	1.6068967006034208e6
0.9356700000000007	666077.1917413311	1.6661537075504707e6	1.6018187852884694e6
0.9357100000000007	666405.3822362762	1.6616242440856881e6	1.5976416234573901e6
0.9357500000000007	666902.6366590654	1.6547255440991828e6	1.591257922296156e6
0.9357700000000008	667257.8548571533	1.6497747851774953e6	1.5866677227430206e6
0.9357900000000008	667726.5487655462	1.6432190112768915e6	1.580582640259039e6
0.9358100000000008	668366.619318968	1.6342328964503827e6	1.5722339401213177e6
0.9358200000000008	668780.3559100851	1.6284073049526857e6	1.5668184473631324e6
0.9358300000000007	669279.154648425	1.6213688442644672e6	1.5602732488818064e6
0.9358400000000007	669889.6871382045	1.612735841218792e6	1.5522428319729823e6
0.9358500000000006	670648.579822488	1.6019809340938162e6	1.5422359635673112e6
0.9358600000000006	671611.2590587842	1.5883074887287244e6	1.529510592557695e6
0.9358700000000005	672857.8924870049	1.5705604185962826e6	1.5129907555968952e6
0.9358800000000005	674513.7864494724	1.546932016578909e6	1.49099255966301e6
0.9358900000000004	676697.8461213988	1.5156942412765436e6	1.4619061823831475e6
0.9359000000000004	679283.5916939741	1.4786302176185055e6	1.4273920988967435e6
0.9359100000000004	681857.2501799028	1.441671793882626e6	1.392975279776719e6
0.9359200000000003	683864.278063641	1.412810117666821e6	1.3660992682650494e6
0.9359400000000003	685541.6191272546	1.3886502471253863e6	1.3436091084158262e6
0.9360200000000003	687045.1172897642	1.366866840767486e6	1.3233718468993816e6
0.9361000000000003	687837.5663903082	1.3552762602355108e6	1.3126269276988024e6
0.9361400000000003	688238.1705301811	1.349399309420758e6	1.307177559091206e6
0.9361800000000003	688643.2676799686	1.343433543527157e6	1.3016448281225897e6
0.9362200000000004	689117.0935508006	1.3364475629751403e6	1.295160825635256e6
0.9362600000000004	689721.8112661698	1.327531147574054e6	1.2868771804777898e6
0.9362800000000004	690105.988241023	1.3218679803442247e6	1.281612106207409e6
0.9363000000000005	690556.4766340088	1.315227160252341e6	1.2754356377058537e6
0.9363200000000005	691096.5522140851	1.3072656014682772e6	1.2680279564117705e6
0.9363400000000005	691756.9569760999	1.2975304389707875e6	1.258966899107006e6
0.9363600000000005	692581.0792694325	1.2853822979806196e6	1.24765642842184e6
0.9363700000000005	693073.7941768506	1.278119475245974e6	1.240893018559546e6
0.9363800000000004	693632.4094379629	1.2698855561231403e6	1.2332243309310297e6
0.9363900000000004	694270.823225432	1.2604747315661581e6	1.2244585009566047e6
0.9364000000000003	695005.165152482	1.2496495154569456e6	1.214374134777582e6
0.9364100000000003	695856.196688519	1.2371039437803328e6	1.2026859995427644e6
0.9364200000000003	696749.5356589276	1.2239330383980153e6	1.1904147112938643e6
0.9364300000000002	697633.5079484431	1.2108988414743412e6	1.1782705642221e6
0.9364500000000002	698898.836978861	1.1922336960204132e6	1.1608822657283226e6
0.9364900000000003	700149.8176655024	1.1737567788300375e6	1.143678000726478e6
0.9371300000000002	702106.6817136729	1.1441675736883637e6	1.116375205409915e6
0.9377700000000002	703205.7809485451	1.1269679427784402e6	1.1005972234477657e6
0.9384100000000002	704411.677936932	1.1078640305754123e6	1.0830154001764085e6
0.9390500000000002	705829.5142923912	1.0851910550566278e6	1.0620689691470477e6
0.9393700000000001	706640.441349644	1.072143107804481e6	1.0499826811373243e6
0.9396900000000001	707531.5910334883	1.0577368463883884e6	1.0366159674379345e6
0.9400100000000001	708514.1768723232	1.0417820930867204e6	1.0217893507930187e6
0.9403300000000001	709604.0831142113	1.0240073057666756e6	1.0052468654710031e6
0.9406500000000001	710817.8858113353	1.0041254143931204e6	986717.6125717915
0.9508900000000001	711844.9328411478	987222.3025678741	973698.5199405947
0.9560100000000001	712001.1198574958	984148.9569808962	972177.1736258378
0.9585700000000001	712171.7908618716	980447.1185672972	969332.4717404615
0.9598500000000001	712315.0894806553	977173.150987816	966539.0998183036
0.96113	712535.8126942264	971934.879086527	961852.0373758583
0.96177	712694.9576463952	968051.7806661632	958289.4893221174
0.96241	712906.1978639922	962795.2609888101	953401.9311059482
0.96305	713196.0745241934	955436.7966675926	946486.001984394
0.9636899999999999	713610.807359086	944693.860531698	936303.2348710005
0.9640099999999999	713889.4498291948	937368.4832790392	929325.4728651792
0.9643299999999999	714237.0204361068	928136.3576034307	920506.5682466723
0.9646499999999999	714678.9134512934	916276.3210136537	909149.8526563242
0.9649699999999999	715253.537142665	900691.6284788772	894195.7321393697
0.9651299999999999	715608.1284203284	891000.1703742594	884884.2498713257
0.96529	716021.148881637	879651.9448657557	873972.319937147
0.96545	716506.2328096007	866252.7667552494	861079.0240074272
0.9656100000000001	717081.47682218	850278.2564094597	845697.6191594532
0.9657700000000001	717771.0800632646	831025.2598104598	827148.5692377134
0.9658500000000001	718168.6247864228	819882.1951633682	816408.6767349956
0.9659300000000001	718608.0278860684	807532.7615372706	804503.0958617742
0.96601	719095.3925654888	793798.3086133273	791259.1564968613
0.96609	719638.092040087	778463.1120349849	776468.3556069578
0.96617	720244.9377407706	761268.8615010865	759881.022160275
0.9662499999999999	720926.5767244643	741902.9999286653	741195.0456455236
0.98673	721638.0000000001	721638.0	721638.0
