lambda	f0	f1	fla
0.0	18685.841819896938	1.5090317473241558e7	18685.841819896938
0.00512	18667.075634145258	1.5090081994765693e7	95832.72002009879
0.01024	18661.124872798828	1.50899246033746e7	172990.8628926573
0.015360000000000002	18660.072461061423	1.508979792012192e7	250152.74980113222
0.02048	18661.53164233646	1.5089686374329334e7	327316.1204205662
0.0256	18664.39938106463	1.508958657517356e7	404480.0070813526
0.03072	18668.0478827531	1.5089495557569165e7	481643.8689803197
0.035840000000000004	18672.532397196384	1.5089406326078221e7	558807.6315627244
0.04096	18677.473227289927	1.5089320683791991e7	635971.0191320202
0.04608	18682.896957974815	1.5089236564966971e7	713134.0099798294
0.0512	18688.530273435637	1.5089154994526278e7	790296.4132431813
0.05632	18694.54504699249	1.5089072969711715e7	867458.2579241097
0.06144	18700.77791257522	1.508899171795794e7	944619.4532689624
0.06656000000000001	18707.240454105897	1.5088911344182208e7	1.0217800255982486e6
0.07168000000000001	18713.84401711657	1.5088831648442872e7	1.0989398882383548e6
0.07680000000000001	18720.627420193	1.5088752212308267e7	1.1760990531395972e6
0.08192	18727.58059098024	1.5088672682204729e7	1.2532574833151787e6
0.08704	18734.6850981877	1.5088592909997204e7	1.3304151449933983e6
0.09216	18741.93342672813	1.5088512957517466e7	1.4075720310069306e6
0.09728	18749.32845959608	1.5088432613767779e7	1.4847281184543762e6
0.1024	18756.85355351649	1.5088351679501759e7	1.5618833637306166e6
0.10752	18764.426615519653	1.508827115051953e7	1.6390377895696787e6
0.11264	18771.961962743087	1.508819161208017e7	1.71619139135197e6
0.11776	18779.537749774325	1.508811195446577e7	1.7933441231422499e6
0.12288	18787.18206878335	1.508803193490773e7	1.8704959772976334e6
0.128	18795.39328830859	1.5087954246839885e7	1.9476477265429103e6
0.13312000000000002	18803.857112105037	1.508787399691382e7	2.0247984741225096e6
0.13824000000000003	18812.531802582762	1.5087791611737315e7	2.1019481998127606e6
0.14336000000000004	18821.379078719034	1.5087707590503912e7	2.1790969063486354e6
0.14848000000000006	18830.38670245813	1.5087621812110454e7	2.2562445375470384e6
0.15360000000000007	18839.554446858005	1.5087534483983437e7	2.333391095623677e6
0.15872000000000008	18848.868239401792	1.5087445769692086e7	2.410536568437973e6
0.1638400000000001	18858.33559127996	1.5087355478018716e7	2.4876809074065927e6
0.1689600000000001	18867.946153200304	1.5087263834703758e7	2.5648241154827042e6
0.17408000000000012	18877.702853283274	1.5087170790697068e7	2.641966163585131e6
0.17920000000000014	18887.61063590515	1.5087076209143562e7	2.7191070074884794e6
0.18432000000000015	18897.667978067977	1.5086980114537563e7	2.7962466245279163e6
0.18944000000000016	18907.892251092875	1.5086882408641446e7	2.8733849846360837e6
0.19456000000000018	18918.26037994258	1.5086783319094196e7	2.9505220862033903e6
0.1996800000000002	18928.812068289048	1.5086682431338573e7	3.027657854764182e6
0.2048000000000002	18939.500882306933	1.5086579970801117e7	3.1047922691216823e6
0.20992000000000022	18950.389292502663	1.5086475827549573e7	3.18192532929143e6
0.21504000000000023	18961.43839367444	1.5086369982619034e7	3.2590569717438994e6
0.22016000000000024	18972.667597643143	1.5086262506217064e7	3.3361871984680984e6
0.22528000000000026	18984.065895353866	1.5086153287307205e7	3.4133159480950194e6
0.23040000000000027	18995.66735747734	1.5086042008726534e7	3.490443144408912e6
0.23552000000000028	19007.4521819595	1.5085928769946393e7	3.567568760941843e6
0.2406400000000003	19019.43417528627	1.5085813956223244e7	3.6446928679609112e6
0.2457600000000003	19031.614022415513	1.5085696790448988e7	3.7218152477810145e6
0.2508800000000003	19044.00075357513	1.508557800248179e7	3.7989360511071547e6
0.25600000000000034	19056.602413049084	1.5085456814841485e7	3.8760550567947333e6
0.26112000000000035	19069.402715086784	1.5085333679080315e7	3.95317233055958e6
0.26624000000000037	19082.431932905696	1.5085208261798147e7	4.0302877728762333e6
0.2713600000000004	19095.692118950417	1.5085080629202876e7	4.10740136464605e6
0.2764800000000004	19109.178239503413	1.5084950757642753e7	4.18451305811292e6
0.2816000000000004	19122.89767730111	1.5084818515463002e7	4.261622783645761e6
0.2867200000000004	19136.86506603409	1.50846837385021e7	4.33873046461763e6
0.29184000000000043	19151.101755658307	1.5084546381766876e7	4.415836060274139e6
0.29696000000000045	19165.57270411483	1.5084406804158239e7	4.492939608796738e6
0.30208000000000046	19180.321006011392	1.508426452108567e7	4.570040956166081e6
0.3072000000000005	19195.31725070184	1.5084119424423575e7	4.647140002974215e6
0.3123200000000005	19210.603022034567	1.5083971729257608e7	4.724236797967936e6
0.3174400000000005	19226.186554089156	1.5083821094808534e7	4.801331194230387e6
0.3225600000000005	19242.04946087723	1.508366761726256e7	4.878423160610996e6
0.3276800000000005	19258.188868601886	1.5083511457105158e7	4.955512699804365e6
0.33280000000000054	19274.699721383313	1.5083351722461155e7	5.032599532889187e6
0.33792000000000055	19291.440637018655	1.5083189378952416e7	5.109683831952566e6
0.34304000000000057	19308.547576634097	1.5083023451749787e7	5.186765308304201e6
0.3481600000000006	19325.994386633207	1.5082854410099193e7	5.263844047601127e6
0.3532800000000006	19343.75629639079	1.5082681869603386e7	5.340919844965494e6
0.3584000000000006	19361.88885857712	1.5082506197720135e7	5.417992809154569e6
0.3635200000000006	19380.403974790293	1.5082326122010697e7	5.495062431395212e6
0.36864000000000063	19399.23839549924	1.5082143018077508e7	5.572129105337484e6
0.37376000000000065	19418.52691998912	1.50819556608942e7	5.6491924061142e6
0.37888000000000066	19438.168359335217	1.5081764739164153e7	5.726252459505875e6
0.3840000000000007	19458.198794392327	1.508156992897343e7	5.803309103183153e6
0.3891200000000007	19478.62263843176	1.5081370833837785e7	5.880362119860334e6
0.3942400000000007	19499.55120927355	1.5081166932477236e7	5.957411299600366e6
0.3993600000000007	19520.864593717233	1.5080959666380828e7	6.034457064475428e6
0.40448000000000073	19542.627258934768	1.5080746945599232e7	6.11149854994123e6
0.40960000000000074	19564.818245299382	1.5080530963771766e7	6.1885365514529515e6
0.41472000000000075	19587.54299229586	1.5080309103376498e7	6.265569988514844e6
0.41984000000000077	19610.75568611229	1.5080082488290347e7	6.342599207902686e6
0.4249600000000008	19634.437737266227	1.5079850902102517e7	6.419624026433935e6
0.4300800000000008	19658.720370006173	1.5079613449903177e7	6.496644050447645e6
0.4352000000000008	19683.464017470284	1.5079372435420219e7	6.573660104371958e6
0.4403200000000008	19708.799425138386	1.5079123520757291e7	6.650670289522124e6
0.44544000000000084	19734.665577703487	1.5078870509445373e7	6.727676135870131e6
0.45056000000000085	19761.148259217232	1.5078611473488124e7	6.804676750794367e6
0.45568000000000086	19788.25388960425	1.507834574921825e7	6.881671733360974e6
0.4608000000000009	19815.90758675904	1.5078075290590765e7	6.958661831275018e6
0.4659200000000009	19844.264288146314	1.5077796925395202e7	7.035645568151159e6
0.4710400000000009	19873.351091501885	1.5077511885427125e7	7.112623406304967e6
0.4761600000000009	19903.00289956527	1.5077220580849722e7	7.1895953408163255e6
0.48128000000000093	19933.46531608002	1.507692157350322e7	7.266560702024401e6
0.48640000000000094	19964.648760128883	1.5076614972566478e7	7.343519366259552e6
0.49152000000000096	19996.616519392584	1.5076300804843266e7	7.420471251164357e6
0.49664000000000097	20029.3944987968	1.5075978941722574e7	7.497416177632028e6
0.501760000000001	20062.994984298406	1.5075648275947968e7	7.574353465560644e6
0.506880000000001	20097.40075294404	1.507530942504155e7	7.651283271624369e6
0.512000000000001	20132.687894311846	1.5074962103974402e7	7.728205348927334e6
0.517120000000001	20169.06580723295	1.5074602650742996e7	7.80511776124923e6
0.522240000000001	20206.370463335905	1.5074235156367129e7	7.882022363613748e6
0.527360000000001	20244.625566093357	1.5073857859724568e7	7.958918100731922e6
0.5324800000000011	20284.056475938363	1.5073468141936664e7	8.035803518302081e6
0.5376000000000011	20324.465776155004	1.5073068546182988e7	8.112679683402885e6
0.5427200000000011	20366.21574503599	1.5072656073890027e7	8.189544967557502e6
0.5478400000000011	20409.24463692857	1.5072230464059563e7	8.266398981485441e6
0.5529600000000011	20453.50604544802	1.5071791632984735e7	8.343241436717813e6
0.5580800000000011	20499.149969578768	1.5071339647262841e7	8.420072214699019e6
0.5632000000000011	20546.302226136893	1.5070871378301527e7	8.496889385071814e6
0.5683200000000012	20594.87980616931	1.5070389794331886e7	8.573694325629441e6
0.5734400000000012	20645.36364653507	1.506988774641004e7	8.650482915618457e6
0.5785600000000012	20697.33972796728	1.5069371541664807e7	8.727258286000563e6
0.5836800000000012	20751.26937375937	1.5068833789417207e7	8.804016074672736e6
0.5888000000000012	20807.132240129125	1.5068277296838382e7	8.8807575651556e6
0.5939200000000012	20865.170617779084	1.5067697398660963e7	8.957479767497206e6
0.5990400000000012	20925.61931815692	1.5067093247100722e7	9.034181875065044e6
0.6041600000000013	20988.10651864445	1.5066470368049711e7	9.110866669645272e6
0.6092800000000013	21053.447525957257	1.5065815665855344e7	9.187526171909705e6
0.6144000000000013	21121.618939068703	1.506513283536821e7	9.264162110313153e6
0.6195200000000013	21192.544986362205	1.506442129393491e7	9.340773619534986e6
0.6246400000000013	21266.795033098646	1.5063676304454112e7	9.417357470997859e6
0.6297600000000013	21344.422431978513	1.506289665529526e7	9.49391235659998e6
0.6348800000000013	21425.833254150675	1.506207698935609e7	9.570434439240169e6
0.6400000000000013	21511.284275566075	1.5061216692033768e7	9.646922745240835e6
0.6451200000000014	21601.12778922777	1.5060311140728205e7	9.72337373133644e6
0.6502400000000014	21695.653975670753	1.5059357036895322e7	9.799784591605365e6
0.6553600000000014	21795.4549604426	1.50583488741261e7	9.87615110374487e6
0.6604800000000014	21901.05964513202	1.505728203865191e7	9.95246948865955e6
0.6656000000000014	22012.755130515685	1.5056152054643689e7	1.0028735872886505e7
0.6707200000000014	22131.494063305723	1.5054950102749579e7	1.0104943591281384e7
0.6758400000000014	22257.809627841383	1.5053670630654663e7	1.0181087850590631e7
0.6809600000000015	22392.691559806855	1.5052304635108816e7	1.025716152863896e7
0.6860800000000015	22536.757592462807	1.5050843242245544e7	1.033315727058327e7
0.6912000000000015	22691.226089594205	1.5049277573734587e7	1.0409067709581837e7
0.6963200000000015	22855.156653067268	1.5047615715069123e7	1.0484896428689359e7
0.7014400000000015	23029.599889494064	1.5045847246245509e7	1.056063480974948e7
0.7065600000000015	23216.726074211314	1.50439500735197e7	1.0636266080045316e7
0.7116800000000015	23418.197674142175	1.5041910532692304e7	1.0711778822659891e7
0.7168000000000015	23636.187586375527	1.5039705645251105e7	1.0787154774840476e7
0.7219200000000016	23872.109750437732	1.5037326484632771e7	1.0862385092065515e7
0.7270400000000016	24130.74272573702	1.5034721494070064e7	1.0937430642583141e7
0.7321600000000016	24414.19000032556	1.5031884196530323e7	1.1012283429981353e7
0.7372800000000016	24730.11415413675	1.5028733304105388e7	1.1086881586041419e7
0.7424000000000016	25085.395114301573	1.5025217170883339e7	1.116118322544526e7
0.7475200000000016	25488.992741984992	1.5021267325774139e7	1.1235133212250205e7
0.7526400000000016	25960.112492265696	1.5016727840160638e7	1.1308611535044614e7
0.7577600000000017	26530.075180687978	1.5011344455465548e7	1.1381423019985367e7
0.7628800000000017	27265.190671598568	1.500460182653277e7	1.1453175763437394e7
0.7680000000000017	28332.23167749392	1.4995226397575945e7	1.1522906951087529e7
0.7731200000000017	30214.699094312637	1.4979674809703697e7	1.1587941299808664e7
0.7782400000000017	35064.44041408524	1.4942347549439672e7	1.1636508447182182e7
0.7833600000000017	47244.858958936486	1.4852848301077664e7	1.1645362371377088e7
0.7884800000000017	58182.341301608416	1.4771928283326179e7	1.1659676741669167e7
0.7936000000000017	65107.62893783188	1.4719275877280854e7	1.169465555082288e7
0.7987200000000018	70970.8557910499	1.4673121400932217e7	1.173400053920623e7
0.8038400000000018	75936.78203357609	1.4631942281189008e7	1.1776636242474703e7
0.8089600000000018	80639.18125253025	1.4591338153417796e7	1.181921422177537e7
0.8140800000000018	85042.2293562549	1.4552004048027841e7	1.1862306506700445e7
0.8192000000000018	89305.20334869635	1.4513538572333202e7	1.190563717922083e7
0.8243200000000018	94415.50432614071	1.4467309011476627e7	1.1942279080140457e7
0.8294400000000018	101443.34910506138	1.4404336987636471e7	1.1964835448648581e7
0.8345600000000019	110518.62767091006	1.4320532985660637e7	1.1969628210274843e7
0.8396800000000019	121243.1880970039	1.421511883724529e7	1.1955588693173863e7
0.8448000000000019	134038.9836435479	1.4080548539385399e7	1.191605025633429e7
0.8499200000000019	146240.0833308774	1.394962094558461e7	1.1878009545777597e7
0.8550400000000019	158926.55252488577	1.3807356035818225e7	1.1828879697920047e7
0.8601600000000019	172461.1905016555	1.365236596261514e7	1.1767336079282815e7
0.8652800000000019	185446.11011815764	1.3501035714134924e7	1.170715948268181e7
0.870400000000002	196413.8202713738	1.336630711708916e7	1.16594889458216e7
0.875520000000002	207483.54319658113	1.3221067027524965e7	1.1601136155395795e7
0.880640000000002	217783.55804130613	1.3077624678853162e7	1.1542674042673083e7
0.885760000000002	227335.95155286344	1.2934753056006316e7	1.148305772599358e7
0.890880000000002	236334.38073390053	1.2790589065043751e7	1.1420668793891886e7
0.896000000000002	247449.41697044024	1.260125058925125e7	1.1316455267334072e7
0.901120000000002	257332.34709912955	1.2425327034353271e7	1.1222155719677607e7
0.906240000000002	267379.14623508847	1.2232965877239883e7	1.11110724653409e7
0.9113600000000021	277243.73776449723	1.2032150777983703e7	1.0990195817938697e7
0.9164800000000021	289133.5100985125	1.1776453461879715e7	1.0817032499506973e7
0.9216000000000021	307402.58080333774	1.135290641614398e7	1.0486938915453296e7
0.9318400000000021	332753.6088568934	1.0715983743548468e7	1.0008262777567912e7
0.9420800000000021	358588.8456133115	9.926143849404003e6	9.371991063584467e6
0.9472000000000022	383350.30206328444	9.064151219659153e6	8.60580493121011e6
0.9475200000000021	393312.47995012515	8.693203331689164e6	8.2576250597899165e6
0.9500800000000021	413118.55872410676	7.950801240727824e6	7.574520121242215e6
0.9513600000000021	426416.4111521902	7.440498850765478e6	7.099333880902702e6
0.952640000000002	434786.03470846184	7.108367888317936e6	6.792307051731005e6
0.957760000000002	456741.8454274219	6.194626075404335e6	5.952257845530122e6
0.9628800000000021	471248.10126987257	5.493625674175791e6	5.307195018669534e6
0.9654400000000021	485815.87059484667	4.725623677167118e6	4.579095919371989e6
0.966720000000002	504823.0679337978	3.6570340922948364e6	3.552128509404107e6
0.969280000000002	527767.3812629624	2.2763077652278654e6	2.2225926046324675e6
0.974400000000002	540389.636929809	1.4443293301915731e6	1.4211884740440738e6
0.976960000000002	543029.8717002663	1.2366691880819835e6	1.2206877382325502e6
0.9974400000000021	550758.0	550758.0	550758.0
