lambda	f0	f1	fla
0.0	297350.4504775336	1.1136831339210337e6	297350.4504775336
0.00512	297488.2271374899	1.1136403460907917e6	301666.9259865308
0.01024	297606.7836304643	1.1135856272827778e6	305962.40698946395
0.015360000000000002	297727.09853521315	1.113516439659169e6	310257.6228148771
0.02048	297855.46290283033	1.1134591357233655e6	314559.0261221949
0.0256	298021.56667391496	1.1133957812525928e6	318895.1465671291
0.03072	298248.4208735827	1.1133361862815507e6	323287.91702691553
0.035840000000000004	298537.399054851	1.1132575934286844e6	327736.9708212092
0.04096	298919.27587274817	1.1131540704080733e6	332270.3330569151
0.04608	299372.6779364136	1.1130265731302248e6	336865.84942694445
0.0512	299893.7156042647	1.1128761693116864e6	341518.4172340847
0.05632	300446.3937511354	1.1127124334810898e6	346193.21710872644
0.06144	301012.25669516355	1.1125267404930135e6	350871.70657970343
0.06656000000000001	301581.9811380915	1.112338799379549e6	355545.9549602429
0.07168000000000001	302178.7680827499	1.1121627749818796e6	360238.42169727955
0.07680000000000001	302847.78924235376	1.1119907546726624e6	364989.96898740146
0.08192	303638.17148361856	1.1118213984257933e6	369844.54143472156
0.08704	304648.60840564914	1.1116169265050692e6	374887.1308130227
0.09216	305769.02266488096	1.1113322891651392e6	380009.7333055447
0.09728	307037.768367608	1.1109746634957306e6	385244.7495256718
0.1024	308359.22164441535	1.1105981497659767e6	390508.4878840632
0.10752	309642.7671966011	1.110229979213206e6	395721.90423262643
0.11264	310805.8754484846	1.1098947780081714e6	400815.24943280773
0.11776	311898.68436710007	1.109578079184018e6	405833.4099007404
0.12288	312986.92335590895	1.109269761052968e6	410834.1584521235
0.128	314080.05089040636	1.1089835366319716e6	415827.69706532673
0.13312000000000002	315209.94239070866	1.1087270350092398e6	420842.93776008755
0.13824000000000003	316427.71896416554	1.1084610891700173e6	425918.4120614225
0.14336000000000004	317751.78893239266	1.1081928075061813e6	431069.41335513105
0.14848000000000006	319054.01450072025	1.1078959403134948e6	436181.263645401
0.15360000000000007	320380.6005507025	1.10760328380242e6	441298.00469816633
0.15872000000000008	321657.6545921552	1.1072998169864714e6	446354.77860738116
0.1638400000000001	322856.8670204529	1.1069862861822527e6	451328.63105592225
0.1689600000000001	323989.81852744066	1.1066724871355006e6	456231.88221545855
0.17408000000000012	325071.1121272109	1.106350421724924e6	461076.21434198087
0.17920000000000014	326087.1440765921	1.1060503519193502e6	465856.5509220145
0.18432000000000015	327130.78666894475	1.1057658199821757e6	470648.79600923957
0.18944000000000016	328167.48790934455	1.105512016266087e6	475427.63536124595
0.19456000000000018	329257.5768466353	1.1053543132582763e6	480254.9578828843
0.19712000000000018	329931.62588679785	1.1053537285139058e6	482782.8307566535
0.1996800000000002	330637.65407246724	1.1054441853217697e6	485351.0222323281
0.2022400000000002	331429.3939486675	1.1056524074273696e6	488008.25619460037
0.2035200000000002	331969.72289898846	1.1058616761558466e6	489472.2132258244
0.2048000000000002	332567.1372326714	1.1061284387650667e6	490992.491786506
0.2060800000000002	333269.5877184415	1.1064707422044724e6	492610.88163492293
0.2073600000000002	334057.96068928955	1.1068289744091798e6	494299.75809424615
0.20992000000000022	335200.0071244926	1.1071720962089691e6	497252.3880651061
0.21248000000000022	336351.45067194843	1.1074307344969874e6	500190.3768990929
0.21760000000000024	337937.7411495549	1.10745487493697e6	505384.66946169664
0.22272000000000025	339281.50335241965	1.1073429529451989e6	510344.1494057236
0.22784000000000026	340390.3763148577	1.1071994910906143e6	515100.16502536624
0.23296000000000028	341346.358392934	1.1070234009718494e6	519718.4822321184
0.2380800000000003	342197.9577169157	1.106813285849413e6	524237.5750387009
0.2432000000000003	342971.75527773146	1.106577962057191e6	528680.7847664963
0.24832000000000032	343698.3151336904	1.106320090294268e6	533072.5543415654
0.25344000000000033	344361.25929263496	1.1060667247019885e6	537407.8924459817
0.25856000000000035	344973.57781506085	1.1058237287080716e6	541698.992829958
0.26368000000000036	345541.028882134	1.1056112918184623e6	545956.3558131853
0.26880000000000037	346083.6644651918	1.1054316532991873e6	550196.4038637701
0.2739200000000004	346606.50298751274	1.105267721869438e6	554418.98406365
0.2790400000000004	347120.2527223217	1.1051099776639342e6	558629.7055700296
0.2841600000000004	347630.8466440758	1.1049582604342634e6	562833.0045466959
0.2892800000000004	348128.6884726888	1.1048129810304577e6	567022.3206238005
0.29440000000000044	348614.99728794675	1.1046704067369662e6	571197.7098297384
0.29952000000000045	349098.5968131265	1.1045302928901026e6	575365.4984221028
0.30464000000000047	349583.2825184662	1.104386057751258e6	579526.3999653842
0.3097600000000005	350078.91441642726	1.104237757875721e6	583687.1577663785
0.3148800000000005	350587.9046021786	1.1040802897813031e6	587847.5868473817
0.3200000000000005	351121.96183927794	1.103913704922812e6	592015.3196260092
0.3251200000000005	351682.90968365036	1.103736222307505e6	596190.4826839184
0.33024000000000053	352252.3076704793	1.1035468369967183e6	600359.8130351768
0.33536000000000055	352800.6748862722	1.1033509533465132e6	604505.216270699
0.34048000000000056	353332.35899261263	1.1031472984661777e6	608629.3495845725
0.3456000000000006	353831.37581932574	1.1029505632695742e6	612726.967002132
0.3507200000000006	354291.5195811102	1.1027622292202786e6	616795.1668657598
0.3558400000000006	354726.72883787367	1.1025824667524202e6	620843.7146173863
0.3609600000000006	355142.4555302632	1.102406833339896e6	624875.0053444287
0.3660800000000006	355540.1929366829	1.1022266166086271e6	628887.1589145088
0.37120000000000064	355920.1601903824	1.1020329920982728e6	632877.2433945917
0.37632000000000065	356288.48826159537	1.1018241678692792e6	636848.4752115594
0.38144000000000067	356655.88896049955	1.1015983509289585e6	640806.741653749
0.3865600000000007	357025.63598539744	1.1013557407024298e6	644753.881264814
0.3916800000000007	357404.3042091174	1.1010919007573407e6	648691.862025126
0.3968000000000007	357795.80489782884	1.100803069026581e6	652621.0873041182
0.4019200000000007	358204.0283448267	1.1004833799992707e6	656540.9453617814
0.40704000000000073	358608.9117212397	1.1001544005679907e6	660447.5875014218
0.41216000000000075	359001.264200753	1.0998292534643933e6	664340.9282556556
0.41728000000000076	359383.2582687595	1.0995071751184193e6	668222.1662917861
0.4224000000000008	359754.22483086586	1.0991944705299465e6	672093.7846141581
0.4275200000000008	360113.15723624575	1.098888457419604e6	675954.3735706357
0.4326400000000008	360470.205853098	1.0985792090854812e6	679805.6850115568
0.4377600000000008	360834.3998245559	1.0982586396232694e6	683649.2350388414
0.44288000000000083	361224.2360934251	1.097910096547055e6	687487.6699711294
0.44800000000000084	361646.0719517996	1.097524863609098e6	691319.7706142699
0.45312000000000086	362069.25133073505	1.0971318978680344e6	695140.8377297168
0.45824000000000087	362468.72036398185	1.0967533912280714e6	698947.327940743
0.4633600000000009	362848.3337260869	1.0963870421837727e6	702740.8296770408
0.4684800000000009	363209.8582257415	1.0960303866146412e6	706521.6193653739
0.4736000000000009	363582.11292080494	1.0956805034596045e6	710303.9106799811
0.4787200000000009	363940.0687197918	1.095336188718982e6	714074.0192858048
0.48384000000000094	364283.50336587464	1.0949867255570944e6	717826.9503908751
0.48896000000000095	364623.2432157353	1.0946192762515685e6	721562.103528937
0.49408000000000096	364969.5774794134	1.0942287082013628e6	725281.9287865148
0.499200000000001	365311.92832132604	1.093838489861589e6	728992.3878422261
0.504320000000001	365639.1641609474	1.0934662761462862e6	732696.9332773942
0.509440000000001	365946.24703514454	1.0931096419474678e6	736392.3669392793
0.514560000000001	366243.60121142375	1.092757424979806e6	740078.5543696831
0.519680000000001	366538.81410125137	1.0924008904878357e6	743754.8179578322
0.524800000000001	366944.8140776094	1.092060153252663e6	747485.3440766784
0.527360000000001	367321.7388225768	1.0918958434588527e6	749433.138643564
0.5324800000000011	367923.5994674384	1.0915664971145848e6	753248.9696065917
0.5376000000000011	368504.224142371	1.0912153199141063e6	757033.7092292567
0.5427200000000011	369034.1741668452	1.0908506323990747e6	760778.4023786415
0.5478400000000011	369505.74677634327	1.0904781677404046e6	764483.2778772954
0.5529600000000011	369925.7832488936	1.0900996263824143e6	768153.111548006
0.5580800000000011	370299.8416142892	1.0897299961570892e6	771799.4222615359
0.5632000000000011	370645.05608336325	1.0893656016949927e6	775428.4673718339
0.5683200000000012	371005.5916932682	1.0889535843412373e6	779029.7948749629
0.5734400000000012	371436.5508243282	1.0884136351494705e6	782579.8900597387
0.5785600000000012	371877.9955681297	1.0878525000779238e6	786112.2048973169
0.5836800000000012	372312.132820255	1.0872868456806643e6	789628.5732226196
0.5849600000000011	372470.2789060531	1.0870778737790184e6	790487.1376029437
0.5862400000000011	372602.06031934614	1.0869015396546377e6	791352.9870848682
0.587520000000001	372722.4746527416	1.0867381768519962e6	792220.9800088484
0.588160000000001	372791.14921571355	1.0866455130432947e6	792651.7318445444
0.588800000000001	372853.957120347	1.0865591335100457e6	793083.5649786022
0.589120000000001	372891.0430066608	1.0865091642435966e6	793297.7505897651
0.589440000000001	372924.8178584352	1.0864621859369958e6	793512.2840986627
0.589600000000001	372945.3359541289	1.086434710338669e6	793618.6710912543
0.5897600000000011	372964.3411456146	1.0864081895785779e6	793724.9851974398
0.5899200000000011	372981.95960308134	1.0863841393731283e6	793832.1734930283
0.5900000000000011	372993.00440835266	1.0863690301816696e6	793884.8596146104
0.590080000000001	373003.52339324035	1.086354784586805e6	793937.8355983397
0.5901200000000011	373010.33176227886	1.0863453782680696e6	793963.6094062768
0.5902000000000011	373019.3511403676	1.0863330634860052e6	794017.1041667636
0.5902400000000011	373025.2205654272	1.0863249211696666e6	794043.2358500742
0.5902800000000011	373030.8207420368	1.086317217827782e6	794069.5152138113
0.5903200000000012	373036.1102980082	1.086310199014889e6	794096.0703493581
0.5903600000000012	373041.0073033224	1.0863033527408103e6	794122.5655557986
0.5904000000000013	373045.78040208435	1.0862968802698422e6	794149.2297640095
0.5904200000000013	373049.0633064589	1.0862922763119303e6	794162.1211291502
0.5904400000000013	373052.1114402726	1.0862882775724959e6	794175.2733713834
0.5904600000000013	373054.95540966984	1.0862842943600556e6	794188.3508863156
0.5904800000000013	373057.7030254962	1.0862807645372003e6	794201.6563869283
0.5905000000000014	373060.4629269389	1.0862769184128633e6	794214.7798913782
0.5905200000000014	373063.02388918266	1.0862733930760762e6	794228.0111014281
0.5905400000000014	373065.433830942	1.086270079289304e6	794241.3051599241
0.5905600000000014	373067.81083957053	1.086266755633304e6	794254.5796769587
0.5905700000000014	373069.50716074806	1.0862645123993624e6	794261.0814045175
0.5905900000000014	373071.76257206366	1.0862613059652532e6	794274.3750046485
0.5906000000000013	373073.3322787223	1.086259236869474e6	794280.9275300212
0.5906100000000013	373074.7576739593	1.0862572438900908e6	794287.4658580697
0.5906200000000013	373076.17280433787	1.0862553342747893e6	794294.0491520169
0.5906300000000012	373077.65732840745	1.086253268307154e6	794300.5684407854
0.5906400000000012	373078.885510391	1.0862515327223232e6	794307.1778596474
0.5906500000000011	373080.2901024795	1.0862496604149705e6	794313.7786775532
0.5906600000000011	373272.61097190005	1.086175775797315e6	794355.9943076803
0.590670000000001	373658.0763113503	1.0857841368162194e6	794289.576469762
0.595790000000001	374157.548143322	1.0851632080787392e6	797767.610276245
0.600910000000001	374651.75254142773	1.084523482489558e6	801220.7737845595
0.6060300000000011	375144.85287241364	1.083844759597715e6	804638.2573451487
0.6111500000000011	375672.0162507369	1.0830738973580906e6	808000.6758894969
0.6162700000000011	376197.66233748413	1.0822346098506935e6	811307.0519814505
0.6213900000000011	376784.57749892963	1.0812371823003953e6	814524.3815965132
0.6239500000000011	377161.86026574695	1.080580482666622e6	816059.9097127736
0.6265100000000011	377640.8758627781	1.079753632601359e6	817521.5390870671
0.6290700000000011	378141.72111861967	1.078911174794809e6	818974.7613427008
0.6316300000000011	378624.7877189379	1.0780736198170288e6	820417.6535370558
0.6341900000000011	379093.46125707857	1.0772346956193233e6	821847.6506772713
0.6393100000000012	379825.6832390878	1.075891195039371e6	824827.3255881276
0.6444300000000012	380500.4180150373	1.0745693232194595e6	827779.242595924
0.6495500000000012	381203.3851317064	1.0730335977689568e6	830581.6997502332
0.6521100000000012	381620.0371064097	1.0720609200054845e6	831863.4412537263
0.6546700000000012	382102.0647092987	1.070851853055709e6	833005.8886460441
0.6559500000000011	382412.29437734355	1.0700616574221095e6	833475.8940665586
0.6572300000000011	382781.961747045	1.0690936027723607e6	833846.5615781139
0.658510000000001	383246.47309323336	1.0678656871417305e6	834075.0717363099
0.659790000000001	383858.99770984694	1.06624332896699e6	834089.3556299981
0.660430000000001	384256.48811370815	1.065201594432976e6	833973.064680143
0.6617100000000009	385076.699741424	1.0630854001167547e6	833721.8368667846
0.6629900000000009	385889.95245029393	1.0610365689567123e6	833505.4077278848
0.6655500000000009	386903.9584677989	1.0585536643671608e6	833920.4202291198
0.6706700000000009	387915.16657435906	1.0561557868979545e6	836084.1034067854
0.6757900000000009	388670.68524904107	1.0543757819098402e6	838547.5325214431
0.6809100000000009	389328.88774834404	1.0528746916946303e6	841143.8611134104
0.6860300000000009	389979.07527932693	1.051416764009961e6	843745.1728792044
0.6911500000000009	390655.7034556447	1.0498902174635194e6	846285.6378121879
0.6962700000000009	391358.76760992187	1.0482566857631309e6	848737.0810824574
0.701390000000001	392103.4852470609	1.0464796597105237e6	851076.3902539897
0.703950000000001	392544.4868098618	1.0454507816567803e6	852157.8730673507
0.709070000000001	393362.92655718955	1.0433906622942444e6	854278.0931362637
0.714190000000001	394236.0013171537	1.0410828040580815e6	856207.5193666975
0.719310000000001	395080.5003878647	1.0386546164273825e6	858009.7977962509
0.724430000000001	395721.27458202967	1.0366046418992849e6	859996.4123676695
0.726990000000001	396060.8085599758	1.0354359382585352e6	860880.1340995322
0.729550000000001	396412.37279249955	1.0341373327826308e6	861664.6173533004
0.732110000000001	396875.13253867434	1.0323660453986824e6	862124.3847526155
0.733390000000001	397219.0678344167	1.0310603075280366e6	862071.8946133212
0.7346700000000009	397684.2700932024	1.0293137360758372e6	861723.4898666653
0.7359500000000009	398147.3245997019	1.0275974466923289e6	861391.1419537714
0.7385100000000009	398774.215363836	1.0252293660935285e6	861417.6087292216
0.7410700000000009	399255.01025478024	1.0233554071029387e6	861757.0913470456
0.7436300000000009	399655.7716327118	1.0217349874705989e6	862252.5389062403
0.7461900000000009	400050.4255034879	1.0201032938938551e6	862727.6753676966
0.7487500000000009	400487.5139251714	1.0182754224872077e6	863056.2104609966
0.7513100000000009	401006.40863591194	1.0161022767390488e6	863134.0853004802
0.7538700000000009	401634.0061142212	1.0134666327202301e6	862876.2683336937
0.7564300000000009	402408.8868133437	1.0101889934971547e6	862151.9929121794
0.7589900000000009	403185.1152546431	1.0069411604971783e6	861429.9160332755
0.761550000000001	403849.5142744902	1.0041921618390167e6	861040.457527256
0.766670000000001	404636.4771813743	1.0009517734370586e6	861813.5253617202
0.771790000000001	405129.65603588754	998915.2556797452	863407.443985021
0.776910000000001	405550.41592263966	997142.4873614153	865164.2121441395
0.782030000000001	406012.1633136673	995182.9355847258	866761.3823528038
0.784590000000001	406298.8218557757	993972.2538158037	867381.5198372946
0.787150000000001	406637.8131749477	992544.529861086	867834.2852144421
0.789710000000001	407064.03900178085	990759.8821262298	868014.48327559
0.790990000000001	407326.739241047	989665.0699573848	867950.5354543637
0.7922700000000009	407634.4405134205	988386.8813004792	867747.176775784
0.7935500000000009	408002.1595136914	986863.2641647356	867357.389109528
0.7948300000000008	408451.1763897781	985008.125134415	866715.9359604783
0.7961100000000008	409014.0280793084	982687.7324088244	865721.4008330798
0.7973900000000007	409552.80612294027	980449.4890848985	864780.1121499765
0.7999500000000007	410179.8800238811	977749.2440438671	864206.9927716694
0.8050700000000007	410719.11146778485	975154.4411447374	865129.0623308095
0.8101900000000007	411136.2081243734	972958.0132174287	866318.6163927163
0.8153100000000008	411565.7529318659	970598.4153161421	867350.6729003906
0.8204300000000008	411927.15203165694	968576.006322707	868618.5715576636
0.8255500000000008	412146.41201761033	967335.8073325725	870483.0173198777
0.8306700000000008	412331.5019968783	966194.7948975107	872409.1235106471
0.8309900000000008	412354.3506974161	966072.4328944124	872488.5398222986
0.8313100000000008	412376.95368250075	965946.7558201598	872565.0658975586
0.8319500000000007	412419.5473556123	965563.2349885609	872607.4382818443
0.8319600000000007	412466.0027535164	965104.5961953057	872239.2069533479
0.8345200000000007	412585.55972244544	964214.4773171963	872930.9240336174
0.8370800000000007	412695.8307670923	963271.4526072713	873571.6722970697
0.8383600000000007	412782.1172862496	962507.3655648055	873649.7764330601
0.8434800000000007	412978.86816403794	961010.3082229756	875232.4272249511
0.8486000000000007	413174.7133172306	959548.6925517777	876827.6720956677
0.8537200000000007	413421.7571466764	957692.0307217771	878076.1751032118
0.8562800000000007	413622.96527709794	956196.4703000067	878217.8061581147
0.8575600000000007	413811.6715281134	954847.3541714968	877782.2315357736
0.8582000000000006	413985.79072599026	953644.0547598004	877120.5129198064
0.8585200000000006	414120.9706059078	952728.6793081854	876526.4606809875
0.8588400000000006	414297.8502495602	951545.3379504634	875707.4825866042
0.8594800000000006	414581.3203634868	949653.1292348951	874464.838652285
0.8607600000000005	414911.68426380836	947414.5670133792	873268.8656193293
0.8633200000000005	415244.08295158314	945023.1155738477	872612.9173950369
0.8658800000000005	415542.6797305834	942777.9732650332	872065.1756961931
0.8671600000000005	415716.0676407386	941461.013341153	871621.0547543103
0.8684400000000004	415898.55659873213	940088.6335259778	871126.1870054296
0.8697200000000004	416094.4213344356	938685.3042528108	870602.1640262051
0.8703600000000004	416246.2746687311	937617.9130118405	870027.29381704
0.8706800000000003	416353.59693434834	936868.9321436901	869555.8889944182
0.8710000000000003	416491.69955601124	935919.0480866553	868912.9201262025
0.8713200000000003	416688.4064725718	934574.4982697498	867932.9159772891
0.8714800000000004	416825.48712142085	933636.410442587	867215.8705773508
0.8716400000000004	417000.3096150192	932442.5383014828	866280.3738272886
0.8718000000000005	417231.2730873332	930866.3962200405	865018.3734344277
0.8718800000000004	417376.8975228911	929871.7251790967	864210.8878597838
0.8719600000000004	417548.90158929507	928697.1669359859	863249.7430409958
0.8720400000000004	417754.37709665624	927293.9258038085	862093.2451512415
0.8721200000000003	417985.543488172	925714.5104573034	860786.130161291
0.8722000000000003	418215.9989642941	924139.2501233658	859482.2586252366
0.8723600000000004	418568.760572839	921726.7971953573	857503.7054008592
0.8725200000000004	418874.8086765194	919632.3085741978	855795.742487242
0.8731600000000004	419243.94123875827	917103.2037989227	853954.7349357917
0.8757200000000004	419572.31980205886	914836.46739286	853285.0391302754
0.8782800000000004	419784.04979384475	913341.9380105315	853266.0718567966
0.8834000000000004	420075.8560431631	911218.8066052413	853951.5385697031
0.8859600000000004	420203.48390460084	910250.5865918966	854365.6150014376
0.8885200000000004	420363.36392182694	908987.4440749511	854515.631619481
0.8898000000000004	420478.0884380497	908059.474387439	854328.0056558164
0.8910800000000003	420638.2867180211	906740.4804236898	853794.2294852686
0.8917200000000003	420746.7672322753	905837.3228868861	853311.717520605
0.8923600000000003	420885.8361212093	904670.6715631103	852596.0718761442
0.8930000000000002	421071.2818074262	903103.7237080997	851526.2524247278
0.8933200000000002	421188.8857437568	902105.4209664352	850801.24498888
0.8934800000000003	421255.7755056969	901536.3420315692	850376.8560852334
0.8935600000000002	421291.4584919423	901232.4619844137	850147.5415726751
0.8935700000000002	421295.594921908	901197.2812374067	850121.3447628482
0.8935800000000002	423254.21620824566	885536.2906296533	836340.2322697272
0.8942200000000001	423444.3334438889	883909.9533779668	835201.90010134
0.8955000000000001	423816.3778128034	880679.087184093	832936.9340547932
0.89678	424059.70524908986	878586.5072530769	831670.2507502254
0.89806	424272.88961055485	876755.0846508024	830629.0496883997
0.8993399999999999	424502.6316231361	874765.4403573675	829441.9860301798
0.9006199999999999	424777.83605892776	872347.4310289901	827867.9646808652
0.9018999999999998	425124.81864488794	869250.0318309953	825681.3484174381
0.9025399999999998	425336.23933013796	867339.5588900968	824261.9153657831
0.9031799999999998	425580.0548099365	865117.6207508249	822561.5936164281
0.9038199999999997	425849.2655400122	862629.1822471861	820619.68985829
0.9044599999999997	426135.43475494196	859933.3073284645	818488.25858279
0.9050999999999997	426452.44789076556	856898.7321133809	816049.3797406546
0.9057399999999997	426817.13245356246	853361.268704325	813155.2184213279
0.9063799999999996	427252.36397097784	849095.1762803067	809602.2521919071
0.9066999999999996	427507.7511932025	846577.6481310371	807478.426746737
0.9073399999999996	427963.33240788896	842065.5355469659	803694.8254040988
0.9124599999999996	428424.746446443	837506.3063784903	801695.3066220387
0.9150199999999996	428553.82781422924	836192.5213065287	801551.385133553
0.9175799999999996	428705.6385189178	834595.5676877685	801142.1197256716
0.9201399999999996	428921.29968409834	832242.1224669302	800032.921559493
0.9214199999999996	429084.97809121764	830405.395200883	798869.6368244054
0.9220599999999995	429197.780399625	829119.1871560505	797949.3127134545
0.9226999999999995	429350.51363739837	827356.7440316323	796590.8624221579
0.9233399999999995	429579.246178743	824682.6345037417	794394.0087547471
0.9236599999999995	429746.9779184942	822702.1755493358	792703.975762197
0.9239799999999995	429978.76113772736	819945.9283007812	790300.6242530457
0.9241399999999995	430131.6338561291	818118.2850895366	788685.6177269701
0.9242999999999996	430320.7079418896	815849.4337823968	786664.9092362702
0.9244599999999996	430559.74528548005	812970.6566167483	784083.3363747842
0.9246199999999997	430869.95772395184	809220.6367651653	780700.5625790384
0.9246999999999996	431061.5701952421	806898.0229566647	778597.5380637294
0.9247799999999996	431285.1414440536	804183.0526233567	776133.6717444493
0.9248599999999996	431548.5630989008	800978.204908818	773219.2616232206
0.9249399999999995	431862.25438948517	797154.6649936885	769735.8166537368
0.9250199999999995	432240.4505644637	792536.3648872459	765521.3772313235
0.9250999999999995	432676.5404868326	787201.7906641578	760647.8494258759
0.9251799999999994	433083.0727004131	782221.4782917649	756098.9427854198
0.9254999999999994	433623.3123303385	775601.4053941816	750124.0374609252
0.9267799999999994	433933.1796919653	771813.5153611228	747073.9171834269
0.9280599999999993	434138.6368419626	769271.366674969	745161.9180907824
0.9306199999999993	434454.53093662974	765185.9246941712	742239.7805952728
0.9331799999999993	434585.10643189144	763231.2232825514	741271.0897545901
0.9344599999999993	434669.9185141622	761926.7092630183	740478.299197338
0.9357399999999992	434787.1987819421	760110.0261954069	739204.7813058174
0.9370199999999992	434968.8408968045	757290.1783715971	736990.3805374344
0.9376599999999992	435103.4511273404	755195.9468515059	735241.3806680612
0.9382999999999991	435287.88667645556	752318.6113812029	732757.8156669197
0.9386199999999991	435407.62335611694	750446.1597761	731109.0944106411
0.9389399999999991	435553.0457141886	748167.4438047567	729079.2086573463
0.9392599999999991	435732.5451962907	745347.5818875814	726541.5645589521
0.9395799999999991	435958.3617788075	741790.8325414481	723312.434657969
0.9398999999999991	436248.7654297477	737203.0286863325	719115.6774646115
0.9400599999999991	436426.45014238264	734389.4196358519	716529.5192444131
0.9402199999999992	436632.0083963136	731128.7760891933	713523.7593165126
0.9403799999999992	436871.79042482487	727318.384384077	710001.9584522262
0.9405399999999993	437153.90707089263	722826.8451695554	705840.7322702087
0.9406999999999993	437489.37213865947	717475.5692226421	700872.3877355617
0.9408599999999994	437847.68329648476	711746.4332780717	695548.0612041606
0.9434199999999994	438259.1110163879	704717.2242106954	689641.0241661613
0.9459799999999994	438400.54070063354	701728.7780075017	687503.7866281846
0.9472599999999993	438509.82904875797	699427.8856018027	685667.067299195
0.9478999999999993	438587.69381150237	697813.490939714	684307.826909334
0.9485399999999993	438698.43830842734	695555.7537428224	682337.8762905683
0.9488599999999993	438777.47783378564	693969.584691722	680919.0603470069
0.9491799999999992	438886.1235839465	691814.474197871	678960.6554196712
0.9494999999999992	439049.1342531043	688617.3271084102	676014.133369217
0.9496599999999993	439167.1438366893	686319.3429197399	673877.701217899
0.9498199999999993	439326.99555474654	683219.2999683479	670980.7841328733
0.9499799999999994	439554.55294277193	678820.3355945367	666852.2611462954
0.9500599999999993	439707.7656688859	675863.8692145385	664070.2334034685
0.9501399999999993	439899.97307380015	672158.0492640967	660577.6615852483
0.9502199999999993	440146.54837078723	667406.7631514715	656093.7496596889
0.9502999999999993	440471.26340162556	661151.7797494922	650183.9580870031
0.9503399999999993	440674.0963133793	657244.8529139031	646489.9491411209
0.9503799999999993	440912.6432990755	652649.8762029642	642143.4747062731
0.9504199999999994	441195.98605302646	647191.3982945085	636978.1457555756
0.9504599999999994	441536.4128891824	640632.1225399217	630768.9210838239
0.9504999999999995	441950.662680278	632648.5638064547	623209.0177007088
0.9505399999999995	442420.8536577543	623583.2126254067	614622.9223508665
0.9508599999999995	442954.6461843686	613144.1621157248	604781.0493028578
0.9521399999999994	443201.35285040713	607559.6043600785	599693.4184428256
0.9527799999999994	443345.94867904024	604213.9812696734	596617.7927707436
0.9534199999999994	443520.48305925395	600153.3174638767	592857.3600373092
0.9540599999999994	443737.26802489505	595092.201000778	588138.9553798658
0.9546999999999993	444014.870737493	588595.2678525578	582045.7758632454
0.9550199999999993	444184.49599802215	584620.9618032826	578304.1295713619
0.9553399999999993	444381.58257703506	580000.8236581441	573944.0683514617
0.9556599999999993	444613.8275853179	574556.9870614056	568795.3073702357
0.9559799999999993	444844.065548388	569201.0884372154	563726.8922896491
0.9562999999999993	444943.4607022216	567078.4993391242	561741.1981506915
0.9566199999999992	445085.9674143145	564039.3282117033	558879.1314203124
0.9567799999999993	445190.4919851816	561791.236379832	556751.7522070952
0.9569399999999993	445331.4774028805	558739.8907687198	553856.5244891867
0.9570999999999994	445528.67638111504	554444.0845290367	549771.6135194908
0.9572599999999994	445816.9486140659	548122.7479522787	543750.1980885635
0.9573399999999994	446013.97805212863	543781.774540212	539611.0003420303
0.9574199999999994	446262.9857955869	538277.4983980525	534359.5204514395
0.9574999999999994	446584.1087499191	531155.6762914164	527561.3846709027
0.9575799999999993	447008.29543417227	521717.0152276978	518547.87133405637
0.9576199999999994	447273.46163389244	515802.4976815833	512898.2371338821
0.9576599999999994	447585.11010722985	508839.72151532397	506246.20126830525
0.9576999999999994	447954.81627053884	500566.195721562	498340.7343707837
0.9577399999999995	448398.002279995	490631.9081506934	488847.10328859766
0.9577799999999995	448935.58084033924	478561.8423239291	477311.0215640919
0.9578199999999996	449596.4813499835	463698.3425384592	463103.5260335293
0.9987799999999996	450196.0	450196.0	450196.0
