lambda	f0	f1	fla
0.0	403450.2355105083	2.445558388862487e6	403450.2355105083
0.00256	404440.00322922	2.4455199534886545e6	409665.1679018841
0.00512	405502.3103023434	2.4454936753622238e6	415947.06609145
0.007680000000000001	406693.64676176733	2.445465839050781e6	422351.41719854693
0.01024	407932.9415946363	2.4454160997957606e6	428796.76913461584
0.0128	409306.35014460445	2.4453455620475328e6	435367.6520569619
0.01536	410732.2044879298	2.4452610779941836e6	441982.5679849859
0.017920000000000002	412116.958838829	2.4451869288589424e6	448549.5727015894
0.02048	413499.2602668643	2.4451152190472037e6	455106.75510268565
0.02304	414774.71397906786	2.4450483620135374e6	461552.21882978204
0.0256	415956.20537889504	2.4449829748882307e6	467899.290678334
0.02816	417089.8630266838	2.444935878942443e6	474194.0068348716
0.03072	418246.23436110496	2.4448842661533514e6	480504.55469776277
0.033280000000000004	419583.7326263219	2.4448226122757457e6	486983.6825410548
0.035840000000000004	421113.2215360769	2.444808363968957e6	493642.45544087136
0.038400000000000004	422715.96716099046	2.4448036617019465e6	500364.1346313632
0.04096	424411.1269637818	2.44479384681266e6	507166.0031687919
0.04224000000000001	425581.39602157386	2.4448059755984545e6	510873.4422629013
0.04352000000000001	426811.74636015407	2.4447932765451716e6	514634.30255380605
0.04480000000000001	428203.3630096101	2.444747278842428e6	518544.53043892037
0.04736000000000001	430229.2550932436	2.444460505652277e6	525623.2471197194
0.04864000000000002	431795.59137173364	2.444215742433142e6	529679.7075193606
0.04992000000000002	433388.3326115053	2.4439814342375267e6	533757.1402446764
0.05120000000000002	435120.0963983136	2.4437403701281613e6	537961.4544132819
0.051840000000000025	436375.375383714	2.443564193112283e6	540428.0436947631
0.05248000000000003	437691.00760084175	2.443389673646249e6	542950.0735949047
0.05376000000000003	439686.453679278	2.443126056314148e6	547391.3667169288
0.05504000000000003	441706.83613649633	2.4428422346372465e6	551849.3284699777
0.05632000000000004	443626.74980557046	2.442566337063741e6	556207.0273599507
0.058880000000000036	446089.73401881015	2.44219018841838e6	563620.1287738569
0.061440000000000036	448460.7852530697	2.4418221972430134e6	570932.910405732
0.06176000000000004	449888.7304870038	2.4415735908502573e6	572895.1874630385
0.06177000000000004	451220.0086785906	2.441258029440744e6	574144.6572210689
0.06241000000000004	452661.6234295652	2.4409712782789012e6	576752.0289887124
0.06369000000000004	454233.62914407183	2.44067696961297e6	580750.2054985361
0.06625000000000004	456384.5633834512	2.440270994492949e6	587817.0394444555
0.06881000000000005	458536.5959109438	2.4398072119694203e6	594867.8270019277
0.07137000000000006	460636.1091459374	2.4394242528937394e6	601862.2189652182
0.07393000000000007	462710.444313547	2.4391110291357506e6	608825.7395494527
0.07649000000000007	464754.08303115226	2.4388217514589513e6	615750.5189891948
0.07905000000000008	466826.6589447986	2.438518292317696e6	622688.8825629263
0.08161000000000009	469043.1820414091	2.438144981333606e6	629741.5798816454
0.08417000000000009	471491.65502356103	2.437731800443588e6	636990.0880635649
0.0867300000000001	473996.7182059019	2.437268394695703e6	644271.2707078626
0.0892900000000001	476452.4681149297	2.4367815357699282e6	651490.2505658447
0.09185000000000011	478802.3227871284	2.436342333926726e6	658602.3728103007
0.09441000000000012	480910.8375953087	2.4360423122704057e6	665494.8001193849
0.09697000000000013	482751.93999949197	2.435846574127214e6	672143.5266708574
0.09953000000000013	484344.2131770786	2.435742971076756e6	678566.9315508337
0.10209000000000014	485751.66427148663	2.4357144339825027e6	684823.3634312846
0.10465000000000015	487007.44977175613	2.435725703140891e6	690940.8149868364
0.10721000000000015	488168.81166321016	2.435768806370142e6	696971.0070957406
0.10977000000000016	489286.7790599945	2.4358348190513123e6	702959.3574098418
0.11233000000000017	490358.8584458725	2.435907359424998e6	708902.321560858
0.11489000000000017	491369.75722747727	2.435989549042264e6	714787.1251090785
0.11745000000000018	492326.46410813596	2.4360780596384043e6	720620.0890031664
0.12001000000000019	493218.25328447873	2.4361901393916104e6	726394.3093361959
0.12257000000000019	494061.1057692794	2.436319285930725e6	732123.6909116681
0.12513000000000019	494873.7265165717	2.4364621438667253e6	737824.6851795968
0.1276900000000002	495663.2587648812	2.4366176788782924e6	743503.7286691631
0.1302500000000002	496436.17017347476	2.4367823198811924e6	749166.2561729054
0.1328100000000002	497201.92442498484	2.4369532533249008e6	754820.2984161831
0.1353700000000002	497943.4643586117	2.437127941442159e6	760450.8670214119
0.13793000000000022	498659.2326442339	2.4373078130133636e6	766057.0313345485
0.14049000000000023	499357.70331268123	2.4374871973011475e6	771645.5159231212
0.14305000000000023	500046.2564233691	2.4376722357329354e6	777223.652763603
0.14561000000000024	500732.44768077607	2.437859297710742e6	782797.4883136398
0.14817000000000025	501416.3415671915	2.4380478618404604e6	788367.0339260823
0.15073000000000025	502105.2138741088	2.4382421230138503e6	793939.1301887425
0.15329000000000026	502790.36747101217	2.438437567886224e6	799505.7268226605
0.15585000000000027	503819.836155156	2.439026380166049e6	805421.7760392543
0.15841000000000027	505050.30035352416	2.4398093918891167e6	811535.4880436779
0.16097000000000028	506359.5922099277	2.440611008224914e6	817716.0426458605
0.1635300000000003	507758.35272029246	2.441428456789296e6	823971.4248386972
0.1660900000000003	509240.351032098	2.4422475196876554e6	830293.5116741001
0.1686500000000003	510820.31904184684	2.443069648695749e6	836694.168487978
0.1712100000000003	512309.6343162023	2.4437641620099917e6	842993.9640026565
0.1737700000000003	513704.91226796934	2.444358264192663e6	849194.5452319239
0.17633000000000032	514998.64646196004	2.444871197441863e6	855293.073376247
0.17889000000000033	516199.5050916878	2.4453172548163366e6	861299.3793399308
0.18145000000000033	517331.6522320597	2.4457092060149377e6	867235.7593659635
0.18401000000000034	518415.7720449447	2.446062605548734e6	873122.0658779775
0.18657000000000035	519472.4934096549	2.4463855964533687e6	878976.6710445213
0.18913000000000035	520526.2098642258	2.4466886454483503e6	884821.3113062519
0.19169000000000036	521576.35165897943	2.4469753602343667e6	890656.0876127961
0.19425000000000037	522578.2983476103	2.447244298421435e6	896444.6688619514
0.19681000000000037	523533.28932007944	2.447498983459103e6	902188.9775835813
0.19937000000000038	524457.9483144415	2.44773646394147e6	907901.9859750029
0.2019300000000004	525371.3211234597	2.4479681669305293e6	913601.302197282
0.2044900000000004	526275.3359916897	2.44818900734713e6	919287.4626471645
0.2070500000000004	527172.6573254272	2.4484018514577886e6	924963.1619705334
0.2096100000000004	528067.4741683357	2.448602577635701e6	930630.8372061308
0.2121700000000004	528957.2421660627	2.448794473621687e6	936289.1075640032
0.21473000000000042	529854.1418377022	2.4489770277725523e6	941947.3991344934
0.21729000000000043	530728.487275598	2.4491371660153447e6	947579.5090789583
0.21985000000000043	531556.6037203348	2.4492651966040703e6	953164.8378658248
0.22241000000000044	532352.1369101233	2.449364947717836e6	958714.9561618676
0.22497000000000045	533112.8182561336	2.449446194376829e6	964230.3378820074
0.22753000000000045	533834.1276736725	2.449511041682395e6	969708.095918078
0.23009000000000046	534515.3255872173	2.449558039534306e6	975147.503639304
0.23265000000000047	535165.1651290845	2.4495934226176413e6	980556.8992337981
0.23521000000000047	535789.6394329448	2.449612992804453e6	985940.0303794581
0.23777000000000048	536396.0237864718	2.4496205815151157e6	991303.4268776125
0.2403300000000005	536993.4134472001	2.449621724423688e6	996655.3754241804
0.2428900000000005	537580.3722295205	2.449613555636245e6	1.0019941121471807e6
0.2454500000000005	538159.9476028881	2.4495967230055984e6	1.0073221041254842e6
0.2480100000000005	538739.6266053703	2.4495705676180925e6	1.0126448082859366e6
0.2505700000000005	539303.1946362723	2.44954143271017e6	1.0179515899504498e6
0.2531300000000005	539846.3334714997	2.4495093987249797e6	1.023239345179114e6
0.25569000000000053	540370.6033665751	2.449474029520074e6	1.0285092583997642e6
0.25825000000000053	540881.9098914315	2.449435437559738e6	1.0337658584117726e6
0.26081000000000054	541383.8650143945	2.449391991747204e6	1.0390114645475796e6
0.26337000000000055	541861.9005449383	2.449345611224183e6	1.044235885426532e6
0.26593000000000055	542316.8566186044	2.449298284791465e6	1.0494404278126142e6
0.26849000000000056	542757.4418798545	2.4492460531447884e6	1.0546305691183778e6
0.27105000000000057	543180.54364577	2.4491865334434146e6	1.0598034671804225e6
0.2736100000000006	543588.6026661103	2.449118009847696e6	1.064960503765065e6
0.2761700000000006	543971.4214834298	2.449052732583261e6	1.0700977271698713e6
0.2787300000000006	544332.7071053268	2.448991335517007e6	1.0752182066025154e6
0.2812900000000006	544675.7147009976	2.4489362197801042e6	1.0803251521747005e6
0.2838500000000006	545005.1708961214	2.4488814881191254e6	1.0854204635398723e6
0.2864100000000006	545324.4444777438	2.44883188300974e6	1.0905080099476941e6
0.2889700000000006	545642.1645371097	2.44878003063785e6	1.0955919137042416e6
0.2915300000000006	545959.2494690901	2.448723972791871e6	1.1006722492593816e6
0.29409000000000063	546282.6835467077	2.4486634362016823e6	1.1057538390950104e6
0.29665000000000064	546618.4108720403	2.4485930051770825e6	1.1108391742726322e6
0.29921000000000064	546942.9773796166	2.4485122123284126e6	1.115911508168647e6
0.30177000000000065	547256.5024361445	2.448423605245445e6	1.1209716990509084e6
0.30433000000000066	547561.0297045045	2.44832955970205e6	1.1260219164386587e6
0.30689000000000066	547859.1492708647	2.448228533321633e6	1.1310635095422063e6
0.30945000000000067	548150.0285486858	2.4481220775430966e6	1.1360963791100075e6
0.3120100000000007	548434.2109991219	2.4480109332870673e6	1.141121144120185e6
0.3145700000000007	548701.27964155	2.447893226096751e6	1.146130090237964e6
0.3171300000000007	548953.8266142358	2.447776035877224e6	1.1511273138378086e6
0.3196900000000007	549195.1586989715	2.4476518598800832e6	1.1561127814995623e6
0.3222500000000007	549427.7585382268	2.4475256364841377e6	1.161089799706298e6
0.3248100000000007	549653.3548442854	2.44739071186593e6	1.1660574257784872e6
0.3273700000000007	549871.3634964116	2.4472552217713688e6	1.1710179171798858e6
0.3299300000000007	550081.3452239535	2.447111888124995e6	1.1759686322432954e6
0.33249000000000073	550284.372458499	2.446963019464205e6	1.1809110558014275e6
0.33505000000000074	550484.4338214556	2.4468075059217727e6	1.185847479128668e6
0.33761000000000074	550682.4203159716	2.4466425342252273e6	1.1907775143728768e6
0.34017000000000075	550879.0155041694	2.446471993722084e6	1.195702878904559e6
0.34273000000000076	551077.2290308928	2.446290561336587e6	1.200623694412025e6
0.34529000000000076	551277.8483666203	2.4460969818461565e6	1.2055399469657708e6
0.34785000000000077	551478.7053325805	2.4458892904368965e6	1.2104494273611181e6
0.3504100000000008	551678.1561334366	2.4456697632587943e6	1.2153517551862346e6
0.3529700000000008	551877.3054733677	2.4454363481976995e6	1.2202468407837765e6
0.3555300000000008	552079.236388015	2.4451865741855465e6	1.225135688195173e6
0.3580900000000008	552284.7653677285	2.4449205704517607e6	1.230018720810271e6
0.3606500000000008	552494.4963432245	2.444637635217216e6	1.2348959193781312e6
0.3632100000000008	552709.1755770736	2.4443365859193206e6	1.2397671672874826e6
0.3657700000000008	552930.7768626391	2.444016487509992e6	1.2446331972461229e6
0.3683300000000008	553144.9801464303	2.4437110797204114e6	1.2494971916025165e6
0.37089000000000083	553354.7533236737	2.443415710545197e6	1.254359461747566e6
0.37345000000000084	553560.6351448975	2.443127919100387e6	1.2592195373380766e6
0.37601000000000084	553762.9733607998	2.442849397230223e6	1.2640783595999433e6
0.37857000000000085	553962.1399731749	2.442576430219371e6	1.2689348518316788e6
0.38113000000000086	554157.0437242256	2.442311152753696e6	1.273789219298629e6
0.38369000000000086	554350.1731032002	2.442051080759247e6	1.2786421343617504e6
0.38625000000000087	554541.026163995	2.4417956914005326e6	1.2834931406116094e6
0.3888100000000009	554730.8597520882	2.4415423347407393e6	1.2883420293424274e6
0.3913700000000009	554919.8440680829	2.4412887102823257e6	1.2931880272383527e6
0.3939300000000009	555109.6854327538	2.441035078692411e6	1.2980322755995323e6
0.3964900000000009	555301.8108536763	2.4407802472966006e6	1.302875156118933e6
0.3990500000000009	555494.6885694639	2.4405200848035e6	1.3077140729366578e6
0.4016100000000009	555689.5210118478	2.4402559275422134e6	1.3125502355385097e6
0.4041700000000009	555888.7588681943	2.439984995430582e6	1.3173839347996162e6
0.4067300000000009	556091.7339578997	2.4397065025305953e6	1.322214368779474e6
0.40929000000000093	556294.4298391299	2.439423098646609e6	1.327040162695345e6
0.41185000000000094	556498.0592690463	2.439132778657576e6	1.331861168449214e6
0.41441000000000094	556699.294781369	2.4388335495492034e6	1.336674551299709e6
0.41697000000000095	556899.9744541378	2.438527893870985e6	1.3414823680133824e6
0.41953000000000096	557100.7212557319	2.4382173189226137e6	1.3462855674749208e6
0.42209000000000096	557302.2428390881	2.4379012871788833e6	1.3510842934644741e6
0.42465000000000097	557503.3762048251	2.4375806798896696e6	1.3558782032145963e6
0.427210000000001	557697.5074623568	2.4372633024991117e6	1.3606668107600107e6
0.429770000000001	557885.0759446046	2.436948018020496e6	1.3654499565605621e6
0.432330000000001	558066.9897093639	2.4366384634986185e6	1.3702297949726742e6
0.434890000000001	558244.8676436994	2.436329013446414e6	1.3750048818118437e6
0.437450000000001	558418.6072977791	2.4360189912089594e6	1.3797748952397269e6
0.440010000000001	558590.1886157866	2.435710233953338e6	1.3845417797647645e6
0.442570000000001	558761.0596212237	2.4353930142802335e6	1.3893020637946636e6
0.445130000000001	558931.9952313036	2.435076985986555e6	1.3940604149661907e6
0.44769000000000103	559110.2867059951	2.4347489158432633e6	1.3988149445844607e6
0.45025000000000104	559297.7103684414	2.434413595865255e6	1.4035686378133837e6
0.45281000000000104	559488.6995750316	2.4340612437525177e6	1.4083138933040411e6
0.45537000000000105	559681.0000769877	2.43368678160803e6	1.4130470128127804e6
0.45793000000000106	559874.7516937292	2.4332914381510234e6	1.4177684549231199e6
0.46049000000000107	560069.979567587	2.432875007961522e6	1.4224779670927122e6
0.46305000000000107	560265.0226586047	2.432433650543264e6	1.4271727058005983e6
0.4656100000000011	560461.8069858549	2.4319664148865407e6	1.4318530674704951e6
0.4681700000000011	560661.5397395414	2.4314707071490195e6	1.4365182676456387e6
0.4707300000000011	560866.2183943101	2.430944735547811e6	1.4411682787739797e6
0.4732900000000011	561079.1967052413	2.430379022174297e6	1.4458001111014925e6
0.4758500000000011	561301.8797862241	2.429775440970718e6	1.4504150238758675e6
0.4784100000000011	561537.9594291224	2.429120199964972e6	1.4550079791238804e6
0.4809700000000011	561791.9846575168	2.428405314463475e6	1.4595769978942906e6
0.4835300000000011	562067.1705637814	2.427625148333811e6	1.464120419554926e6
0.48609000000000113	562370.8251251931	2.4267570306481784e6	1.468630315767863e6
0.48865000000000114	562706.8647184393	2.425796199180479e6	1.4731054680033172e6
0.49121000000000115	563087.6107498503	2.424705467633809e6	1.4775329182298218e6
0.49377000000000115	563522.7429272765	2.423466281342727e6	1.4819070638906758e6
0.49633000000000116	563981.2865346579	2.4221768481398597e6	1.48625948962617e6
0.49889000000000117	564459.6697406643	2.4208503134015193e6	1.4905943979566302e6
0.5014500000000012	564955.9539933932	2.4194918139250465e6	1.4949129609561227e6
0.5040100000000012	565462.6250034675	2.418121525584656e6	1.4992212374853946e6
0.5065700000000012	565976.7582010682	2.4167431586732976e6	1.5035194936882877e6
0.5091300000000012	566499.438918762	2.4153544223613134e6	1.5078069766388703e6
0.5116900000000012	567036.7658971706	2.4139370329042245e6	1.512077163522012e6
0.5142500000000012	567597.5143254428	2.4124656965112872e6	1.5163209770145155e6
0.5168100000000012	568189.7356407188	2.4109165711129643e6	1.5205293914811322e6
0.5193700000000012	568823.4840871452	2.409269816293435e6	1.5246960956451283e6
0.5219300000000012	569510.1643447271	2.407487726724092e6	1.5288057934773914e6
0.5244900000000012	570263.8315319383	2.4055381975963367e6	1.532846883789057e6
0.5270500000000012	571102.4068351324	2.4033740064074155e6	1.5368011533897065e6
0.5296100000000012	572045.0234309	2.40094032528326e6	1.5406462642449308e6
0.5321700000000013	573070.397526752	2.398296478184996e6	1.544400960870652e6
0.5347300000000013	574136.859532236	2.3955502921651592e6	1.5481012643640412e6
0.5372900000000013	575183.6367288731	2.392846062575086e6	1.551795481511787e6
0.5398500000000013	576087.5235887662	2.3904857644391432e6	1.5555904139118446e6
0.5424100000000013	576854.7157505462	2.3884626289371783e6	1.5594889639421096e6
0.5449700000000013	577515.4572713815	2.386697009067281e6	1.5634651275535955e6
0.5475300000000013	578106.1424072661	2.385109723320475e6	1.5674948130646776e6
0.5500900000000013	578633.5994856631	2.383750819339521e6	1.5716105309550744e6
0.5526500000000013	579062.3776118673	2.3826256757734837e6	1.575801634340887e6
0.5552100000000013	579417.3463875788	2.3816589645573115e6	1.5800399152115984e6
0.5577700000000013	579714.3735657708	2.380822786803114e6	1.5843186132171662e6
0.5603300000000013	579984.1447183641	2.3800537428442826e6	1.5886171426362626e6
0.5628900000000013	580245.8632183165	2.3793209440048616e6	1.5929272354422573e6
0.5654500000000013	580527.5316203185	2.3785649145190986e6	1.597227769780436e6
0.5680100000000013	580867.7948015857	2.3777185190542154e6	1.6014969746843243e6
0.5705700000000014	581229.4749241057	2.3767985675109085e6	1.6057273320813603e6
0.5731300000000014	581572.4667302005	2.3758690473611923e6	1.6099376659872432e6
0.5756900000000014	581888.4567545853	2.374951970248973e6	1.6141371908381719e6
0.5782500000000014	582175.1285142266	2.374057955947374e6	1.6183313734774466e6
0.5808100000000014	582438.3115500612	2.3731802497950634e6	1.6225191367021434e6
0.5833700000000014	582684.5392148494	2.372307411880563e6	1.6266968344418493e6
0.5859300000000014	582923.0304276492	2.371424859878216e6	1.6308599073576224e6
0.5884900000000014	583162.2126607217	2.370511679449402e6	1.6349995003711947e6
0.5910500000000014	583406.4473381377	2.369559863583194e6	1.6391124240097809e6
0.5936100000000014	583662.6779524334	2.3685533798476374e6	1.643191647504448e6
0.5961700000000014	583932.6830780981	2.367488049021083e6	1.6472348855923298e6
0.5987300000000014	584224.3090336736	2.366340350597943e6	1.6512306465994513e6
0.6012900000000014	584540.3920234707	2.3651061382792424e6	1.6551767695896062e6
0.6038500000000014	584887.1259672394	2.363770220587371e6	1.6590656826536085e6
0.6064100000000014	585276.7510258937	2.362299720361584e6	1.6628812498607521e6
0.6089700000000015	585718.1652981847	2.36067422378283e6	1.6666131562335817e6
0.6115300000000015	586234.321805291	2.3588364419481754e6	1.6702336963362717e6
0.6140900000000015	586862.6040538303	2.3566934740388403e6	1.6736980430029277e6
0.6166500000000015	587675.9115481274	2.354065483242117e6	1.6769200409332286e6
0.6179300000000014	588198.682210363	2.352449357872392e6	1.678382102222203e6
0.6192100000000014	588839.7310354094	2.3505184234086163e6	1.6796887941398253e6
0.6204900000000013	589527.6282667252	2.3484121843292126e6	1.6808979064579403e6
0.6217700000000013	590259.6173648216	2.346132783473973e6	1.682008875856511e6
0.6243300000000013	591499.0934331366	2.3419549901705813e6	1.6843612234432278e6
0.6268900000000013	592671.183742045	2.337761643395382e6	1.6866509419941276e6
0.6294500000000013	593772.8171456713	2.333575038033164e6	1.6888913250833058e6
0.6320100000000013	594887.7992822328	2.3291606583635677e6	1.6909655889502293e6
0.6345700000000013	595720.8512386332	2.325917722676214e6	1.6936518799467809e6
0.6371300000000013	596397.189038222	2.3233408098879214e6	1.6966847781901932e6
0.6396900000000013	596988.4488568819	2.3211323566908035e6	1.6999060652591656e6
0.6422500000000013	597549.4318461168	2.319077590101788e6	1.7032008914858238e6
0.6448100000000013	598118.6515029724	2.3170125960860904e6	1.706478655909615e6
0.6473700000000013	598623.8203527482	2.3151134032508377e6	1.7098276816334866e6
0.6499300000000013	599070.4451371216	2.3133625612408826e6	1.7132403201564413e6
0.6524900000000013	599479.7045506815	2.311697590134044e6	1.7166847527149722e6
0.6550500000000014	599866.8612736127	2.3100722732992778e6	1.720136916421027e6
0.6576100000000014	600246.5587675029	2.308437246085599e6	1.7235698366547585e6
0.6601700000000014	600625.3378458435	2.306771550648084e6	1.726971883151501e6
0.6627300000000014	601011.2104808802	2.3050444458453646e6	1.7303251565539872e6
0.6652900000000014	601408.8470216445	2.3032439806736363e6	1.7336227430889804e6
0.6678500000000014	601822.392990737	2.301348528292966e6	1.7368509224523332e6
0.6704100000000014	602253.4755270234	2.2993497921302775e6	1.7400038171410135e6
0.6729700000000014	602705.4505241967	2.297237916833154e6	1.743074964376138e6
0.6755300000000014	603174.9346485707	2.295047326654584e6	1.7460854916203953e6
0.6780900000000014	603666.2489561436	2.2927505478417594e6	1.7490174211874933e6
0.6806500000000014	604182.5684205852	2.290330550392775e6	1.7518591923499585e6
0.6832100000000014	604726.077282799	2.287769814679295e6	1.7545983891094613e6
0.6857700000000014	605295.0530189445	2.2850615919132996e6	1.757228552396529e6
0.6883300000000014	605877.2116308332	2.2822446003113566e6	1.7597711762813004e6
0.6908900000000014	606480.0074302466	2.279279480569441e6	1.762200435427387e6
0.6934500000000015	607106.8215737207	2.2761512471630266e6	1.7645056784986274e6
0.6960100000000015	607763.9565008783	2.2728240288550174e6	1.7666624174600851e6
0.6985700000000015	608456.4761726373	2.269270938300739e6	1.7686516349814679e6
0.7011300000000015	609193.1307247315	2.2654440895638624e6	1.7704403654956138e6
0.7036900000000015	609928.8192112572	2.2615884389328267e6	1.7721851770131309e6
0.7062500000000015	610493.1251627635	2.2586277667552624e6	1.7744882157874682e6
0.7088100000000015	610908.22890655	2.25646264494167e6	1.7772936545364058e6
0.7113700000000015	611211.3580885541	2.254897445302969e6	1.780480329950275e6
0.7139300000000015	611444.7328428471	2.2537020675139297e6	1.7839015117845756e6
0.7164900000000015	611644.311841339	2.2526860571078416e6	1.7874343119073377e6
0.7190500000000015	611827.9701527599	2.2517520382741e6	1.7910153713354121e6
0.7216100000000015	612006.3984992913	2.250840265658132e6	1.7946053053797847e6
0.7241700000000015	612186.3114012945	2.249914599559307e6	1.7981800058366852e6
0.7267300000000015	612371.7916729217	2.2489496070010485e6	1.8017219874063337e6
0.7292900000000015	612566.4716693624	2.2479262083482137e6	1.8052179740318842e6
0.7318500000000016	612772.600319596	2.246829014705808e6	1.8086567871881477e6
0.7344100000000016	612991.8732213263	2.2456458997323504e6	1.81202931683129e6
0.7369700000000016	613226.4445722845	2.2443647775181513e6	1.8153264618034025e6
0.7395300000000016	613479.6597933869	2.2429634453057908e6	1.8185318036933774e6
0.7420900000000016	613752.8436573115	2.241430965802217e6	1.8216365013198268e6
0.7446500000000016	614049.8641089508	2.239741870831711e6	1.824621416915057e6
0.7472100000000016	614353.9622504931	2.2379890394375967e6	1.8275503282754715e6
0.7497700000000016	614646.5847969092	2.2362833253436964e6	1.8305011637566765e6
0.7523300000000016	614924.1840417209	2.2346457379347943e6	1.8334893006820995e6
0.7548900000000016	615181.3063378276	2.2331130231983736e6	1.8365417800786877e6
0.7574500000000016	615423.7619256619	2.2316480044849655e6	1.839632814452209e6
0.7600100000000016	615658.4820759922	2.2302141487947395e6	1.84273693433891e6
0.7625700000000016	615891.6320685261	2.2287690754755363e6	1.8458235840874126e6
0.7651300000000016	616130.2037082544	2.2272723758479925e6	1.848863413877535e6
0.7676900000000016	616378.1955593936	2.2256953133797897e6	1.8518348537389361e6
0.7702500000000017	616639.0003031146	2.2240134862069786e6	1.8547191980705685e6
0.7728100000000017	616916.0997943265	2.222202369720863e6	1.857497382056256e6
0.7753700000000017	617211.7763549748	2.2202468494836753e6	1.860157081006778e6
0.7779300000000017	617529.0101741602	2.2181181607478578e6	1.8626753280799594e6
0.7804900000000017	617871.488576744	2.2157905073969103e6	1.8650313035756983e6
0.7830500000000017	618242.6207763768	2.2132339317185823e6	1.8672005668096736e6
0.7856100000000017	618642.3459002868	2.2104482050511604e6	1.8691809469078071e6
0.7881700000000017	619018.5590600119	2.207837482596282e6	1.8712779700235967e6
0.7907300000000017	619368.094768092	2.2054434497102806e6	1.8735254601815315e6
0.7932900000000017	619694.0345915271	2.2032494843272017e6	1.8759127373123432e6
0.7958500000000017	620012.3864211278	2.2011360429062145e6	1.8783496484347868e6
0.7984100000000017	620347.8447502796	2.1989176212902404e6	1.8806937400375525e6
0.8009700000000017	620715.608177445	2.196478374319616e6	1.8828543109743423e6
0.8035300000000017	621135.4808941736	2.193665195463389e6	1.884710282441978e6
0.8060900000000017	621633.4278327422	2.1902866762192203e6	1.886109124824601e6
0.8086500000000018	622245.178729444	2.186071855175945e6	1.8868336206379097e6
0.8112100000000018	623039.7745746374	2.1804856100160554e6	1.8864554107430729e6
0.8124900000000017	623547.1803348436	2.176855338360114e6	1.8855945256487983e6
0.8137700000000017	624167.5167337868	2.172350777039024e6	1.8840326084723822e6
0.8150500000000016	624957.9976874288	2.1665082624586644e6	1.8813985409892267e6
0.8163300000000016	625827.6588138503	2.159959402297591e6	1.8781854249719346e6
0.8188900000000016	626964.9685395389	2.1510428997060833e6	1.8750171455925128e6
0.8214500000000016	627818.1118688256	2.1440711466570273e6	1.873344167295596e6
0.8240100000000016	628715.7493746752	2.1365343394952174e6	1.8711733458199056e6
0.8252900000000015	629247.2477741018	2.131987142215833e6	1.8694434552579203e6
0.8265700000000015	629864.0511296039	2.12661002494944e6	1.867029370709868e6
0.8278500000000014	630624.701576579	2.1198217502369927e6	1.8634564783101047e6
0.8284900000000014	631094.627272347	2.1155426544676507e6	1.8609449733233862e6
0.8291300000000014	631587.204203713	2.1109636841790173e6	1.858182625045639e6
0.8304100000000013	632222.5838661104	2.1047113974431604e6	1.8549920195486306e6
0.8329700000000013	632918.9949156425	2.0967543934095763e6	1.8522499667991365e6
0.8342500000000013	633301.5179795312	2.0917706042115502e6	1.8500293531685951e6
0.8368100000000013	633832.2869590455	2.0853861846833313e6	1.848507104113707e6
0.8393700000000013	634284.3518517769	2.080443031546875e6	1.8481465628274533e6
0.8419300000000013	634790.1629105152	2.0750574287543753e6	1.8473943820424383e6
0.8444900000000013	635140.7948116263	2.071319609267437e6	1.8479794418314158e6
0.8470500000000013	635471.4319770985	2.0677693757729772e6	1.8486994052693995e6
0.8496100000000013	635878.2240448407	2.063328279519937e6	1.8486540656770393e6
0.8521700000000013	636456.5973035275	2.0568832996883793e6	1.8469016202748285e6
0.8534500000000013	636859.9400576047	2.0523199128971808e6	1.8448842538775427e6
0.8547300000000012	637382.6618133489	2.0463394608018696e6	1.841660306612809e6
0.8560100000000012	638088.2743857468	2.0381754806939745e6	1.8365769238576544e6
0.8560900000000011	638141.8656092293	2.0375522709585195e6	1.8361631195247048e6
0.8561100000000011	638155.8968247382	2.0373892917612642e6	1.8360535985638492e6
0.8561200000000011	643028.1877832012	2.0090133458159715e6	1.812475401278218e6
0.8586800000000011	643556.4752308972	2.0017775484658144e6	1.8098337463962575e6
0.8612400000000011	644293.5911729803	1.9916119415705716e6	1.8046580472694032e6
0.8625200000000011	644793.6741287246	1.9847178246335387e6	1.8005050524221382e6
0.863800000000001	645426.569666333	1.9759961548872748e6	1.7947725773801839e6
0.865080000000001	646262.7421947852	1.9644882089772476e6	1.7866332289989588e6
0.8657200000000009	646792.2314757818	1.957212584994792e6	1.7812493399242605e6
0.8663600000000009	647427.3188021762	1.948497813943509e6	1.7746227529728224e6
0.8670000000000009	648209.7785610424	1.9377793546563163e6	1.766266601035646e6
0.8676400000000009	649212.2538776526	1.9240801467264611e6	1.755338632428994e6
0.8679600000000008	649835.5691983409	1.9155826145580485e6	1.7484533746887536e6
0.8682800000000008	650579.6534524155	1.9054585781452097e6	1.740165926184676e6
0.8686000000000008	651498.0991766705	1.8929916188051458e6	1.729859370325965e6
0.8687600000000009	652050.9595141577	1.8855021561200004e6	1.7236240210774506e6
0.8689200000000009	652691.2799323241	1.8768408713888898e6	1.7163793429407643e6
0.869080000000001	653448.9277186076	1.8666089667815957e6	1.7077820544674706e6
0.869240000000001	654370.5157962204	1.8541830512246946e6	1.6972955640920685e6
0.8694000000000011	655531.066379809	1.8385608231483717e6	1.6840571369143985e6
0.869480000000001	656238.7882128074	1.8290452029376263e6	1.675970509687744e6
0.869560000000001	657061.7224757775	1.8179883531839503e6	1.6665570834743774e6
0.869640000000001	658035.0031126573	1.804919955541838e6	1.655412033143171e6
0.8697200000000009	659206.580600191	1.7891982956360653e6	1.6419829750011927e6
0.869760000000001	659887.90472949	1.7800589226561077e6	1.6341678492813462e6
0.869800000000001	660647.782411285	1.7698679264239399e6	1.6254474636734934e6
0.8698400000000011	661501.0064617518	1.7584272895175247e6	1.6156513645149865e6
0.8698800000000011	662465.6362778879	1.745494811029911e6	1.604571054811179e6
0.8699200000000011	663565.021331128	1.7307575860529728e6	1.5919371772339563e6
0.8699600000000012	664828.1987198258	1.713826241343636e6	1.577414535880837e6
0.8700000000000012	666259.1256076226	1.6946459003021931e6	1.5609556195919001e6
0.8700400000000013	667689.7047725959	1.675461249668857e6	1.5444912596941404e6
0.8701200000000012	669456.6077384247	1.651701721287122e6	1.5241277259394184e6
0.8704400000000012	671774.1961710548	1.6200751429569842e6	1.4972132722914005e6
0.8707600000000012	673619.8637024938	1.5946374930616263e6	1.4756051746432532e6
0.8710800000000012	675653.7416627414	1.5665285059538651e6	1.4516769313414546e6
0.8712400000000012	676799.006951853	1.5506853145537153e6	1.4381637135869004e6
0.8714000000000013	678041.6866781925	1.5334818492931938e6	1.4234722443809058e6
0.8715600000000013	679400.671184123	1.5146580639032684e6	1.4073776043824225e6
0.8717200000000014	680897.2636845775	1.4939182555964626e6	1.3896239227540072e6
0.8718800000000014	682530.7372913972	1.471268731400011e6	1.3702156195948166e6
0.8725200000000014	684990.5987678588	1.4367888915534746e6	1.3409496451891654e6
0.8731600000000014	686304.9375068619	1.4179960749620544e6	1.3251883710872387e6
0.8738000000000014	687712.7053384368	1.397760545148164e6	1.3081525077641776e6
0.8744400000000013	689343.1526682554	1.374252692045739e6	1.288255450281503e6
0.8747600000000013	690268.320122301	1.3608881202961784e6	1.2768996965224028e6
0.8750800000000013	691280.5375421412	1.346245382218727e6	1.2644271738217287e6
0.8754000000000013	692390.4595467469	1.3301688031062009e6	1.2507016214986937e6
0.8757200000000013	693615.518273526	1.3124020251760064e6	1.2354992380981669e6
0.8760400000000013	694971.1440664316	1.2927154938737266e6	1.2186191042716152e6
0.8763600000000012	696480.1238271085	1.2707733052806351e6	1.199767696325722e6
0.8766800000000012	697959.4938895946	1.2491771175473146e6	1.1812009601978452e6
0.8773200000000012	699191.5681712556	1.2304803624980208e6	1.1653018532100138e6
0.8779600000000012	699987.7781084229	1.2178376655199593e6	1.1546392652602561e6
0.8805200000000012	700899.6281326304	1.2032503242427865e6	1.1432294630715456e6
0.8856400000000012	701026.2034514216	1.2012692887334256e6	1.1440614895005762e6
0.8882000000000012	701181.8282329183	1.198784592003787e6	1.1431526030142044e6
0.8894800000000012	701346.5593805163	1.1961187918371568e6	1.1414365647060496e6
0.8901200000000011	701479.7455493435	1.1939480704603903e6	1.139835650919165e6
0.8907600000000011	701676.1634313023	1.1907302558094654e6	1.1373059867580754e6
0.8914000000000011	701984.2330201496	1.1856568740849607e6	1.1331300252653225e6
0.8917200000000011	702209.1563890671	1.1819386619507968e6	1.1299935510885732e6
0.892040000000001	702510.5555004071	1.1769427943755137e6	1.1257230898665579e6
0.892360000000001	702927.853166434	1.1700070052984841e6	1.1197306053629906e6
0.892680000000001	703529.6690896899	1.1599767607604424e6	1.1109908588823376e6
0.8928400000000011	703936.4373816748	1.1531836048813155e6	1.1050422784120545e6
0.8930000000000011	704445.4964315642	1.144670225838378e6	1.0975661797918496e6
0.8931600000000012	705094.7439249537	1.1337970364810294e6	1.0879944835443387e6
0.8933200000000012	705941.4867382124	1.1195960434697978e6	1.0754673753576728e6
0.8934000000000012	706464.9057883124	1.1108084112734077e6	1.067705393588697e6
0.8934800000000012	707074.9014124462	1.1005599002821855e6	1.0586458782025813e6
0.8935600000000011	707791.7334415775	1.0885077159086233e6	1.0479843067348313e6
0.8936400000000011	708641.5932753742	1.0742085624330267e6	1.0353268595934191e6
0.8937200000000011	709660.1017776214	1.0570593702549906e6	1.0201377760012163e6
0.8937600000000011	710247.0336001575	1.0471715519068986e6	1.0113766910819907e6
0.8938000000000011	710895.674514882	1.0362401419638088e6	1.0016885595207332e6
0.8938400000000012	711613.6107124975	1.0241364896841869e6	990959.0608525528
0.8938800000000012	712411.2911943805	1.010683508185355e6	979030.8605182731
0.8939200000000013	713296.2324061556	995753.4289624244	965790.3695517357
0.8945600000000012	714284.5869513939	979118.987715885	951194.8484992774
0.8952000000000012	714440.763082006	976532.1478096349	949064.9706901797
0.8958400000000012	714696.6053874836	972248.4627437666	945421.8612815365
0.8961600000000012	714899.3317115135	968825.7964552781	942458.0723562859
0.8964800000000012	715193.4510675917	963830.8240052769	938091.883158768
0.8968000000000012	715642.764139549	956155.0558555955	931334.1873504998
0.8969600000000012	715962.5999848815	950667.9299561055	926483.8927558709
0.8971200000000012	716381.1479938397	943466.1435155375	920103.6391762656
0.8972800000000013	716943.8204591915	933755.9226405909	911484.9835045179
0.8973600000000013	717300.8931435945	927580.5608206	905997.4557302324
0.8974400000000012	717725.5539438748	920225.5009832997	899457.1064149366
0.8975200000000012	718236.0273255935	911371.1810756605	891578.6905193538
0.8976000000000012	718857.2165881662	900580.5993340835	881972.1249409018
0.8976800000000011	719623.6710736459	887247.043829985	870095.8203295566
0.8977600000000011	720584.6022874049	870505.6824414143	855177.7512064686
0.8978000000000012	721159.2789019538	860482.8304196056	846243.9634545017
0.8978400000000012	721811.9962204518	849090.512432429	836087.7392162136
0.8978800000000012	722557.5783635251	836067.7937745228	824476.1305767519
0.8979200000000013	723414.5467638542	821088.5393856633	811117.9782188291
0.8979600000000013	724406.2850231169	803740.8468265384	795645.5481401174
0.8980000000000014	725562.6556432308	783498.4938004995	777589.0383084582
0.8980400000000014	726922.2806901103	759680.6502730865	756340.6069104064
0.8980600000000014	727693.5562375914	746162.1377962483	744279.4505921588
0.9799800000000014	728690.0	728690.0	728690.0
