lambda	f0	f1	fla
0.0	44404.42994014798	2.0727538355715916e8	44404.42994014798
0.00256	44367.95239998994	2.072752854870938e8	574879.1012888062
0.00512	44349.5512598894	2.0727526882571617e8	1.1053718579451058e6
0.007680000000000001	44339.061493088746	2.0727523885531402e8	1.6358723719096335e6
0.01024	44333.283782104976	2.072752331732995e8	2.1663776986507634e6
0.0128	44329.3981486666	2.072752238946178e8	2.696884847703472e6
0.01536	44327.10037126337	2.0727520409044173e8	3.227393370938746e6
0.017920000000000002	44325.62084177997	2.0727518270142433e8	3.7579025797258196e6
0.02048	44324.93795165516	2.072751578556895e8	4.288412396106927e6
0.02304	44325.11612481526	2.0727513042711857e8	4.818922870490111e6
0.0256	44326.14985258272	2.0727510152200198e8	5.349433999379608e6
0.02816	44327.28253942755	2.0727507210770473e8	5.879945056816082e6
0.03072	44328.52105685262	2.072750417938336e8	6.410456032796555e6
0.033280000000000004	44329.796271213905	2.0727501243563443e8	6.940966914509223e6
0.035840000000000004	44331.13909773995	2.0727498236546695e8	7.471477679050813e6
0.038400000000000004	44332.561330742465	2.072749518969722e8	8.001988343819375e6
0.04096	44334.04695583978	2.072749208699757e8	8.532498883226734e6
0.04352	44335.57929455362	2.0727488945689148e8	9.063009284047572e6
0.04608	44337.13529969586	2.0727485878179356e8	9.593519572770135e6
0.04864	44338.75253614611	2.0727482709430718e8	1.012402970547989e7
0.0512	44340.4083416268	2.0727479517345887e8	1.065453969231563e7
0.05376	44342.102953824105	2.072747632595796e8	1.1185049544334026e7
0.05632	44343.8187633175	2.0727473126987955e8	1.1715559240010185e7
0.05888	44345.57195594772	2.0727469893553278e8	1.2246068778003352e7
0.06144	44347.35619263097	2.0727466637004295e8	1.2776578156403596e7
0.064	44349.16797357622	2.0727463359650758e8	1.3307087371399751e7
0.06656000000000001	44351.001621075455	2.072746005411517e8	1.3837596410972236e7
0.06912000000000001	44352.8598979	2.0727456746181443e8	1.4368105293182373e7
0.07168000000000002	44354.74405724626	2.0727453408904254e8	1.4898613999505796e7
0.07424000000000003	44356.650946081216	2.0727450050861192e8	1.5429122530939199e7
0.07680000000000003	44358.57789500236	2.072744667066671e8	1.5959630882184705e7
0.07936000000000004	44360.52578372488	2.072744326486211e8	1.6490139049452107e7
0.08192000000000005	44362.49148451194	2.072743984973331e8	1.7020647041083638e7
0.08448000000000006	44364.47640209817	2.0727436410089195e8	1.7551154844679013e7
0.08704000000000006	44366.48274540496	2.0727432947309214e8	1.8081662461425196e7
0.08960000000000007	44368.50283105456	2.0727429465965652e8	1.861216988648263e7
0.09216000000000008	44370.540225022996	2.0727425968079323e8	1.9142677123419806e7
0.09472000000000008	44372.59670288718	2.0727422441388562e8	1.9673184160826452e7
0.09728000000000009	44374.6694290819	2.0727418894482288e8	2.020369100213941e7
0.0998400000000001	44376.75853001119	2.0727415328249988e8	2.0734197646683183e7
0.1024000000000001	44378.86247662302	2.072741173985097e8	2.1264704088566434e7
0.10496000000000011	44380.98308959014	2.0727408129011092e8	2.1795210327314574e7
0.10752000000000012	44383.11661153206	2.0727404500126633e8	2.2325716362449642e7
0.11008000000000012	44385.25787038498	2.0727400861751783e8	2.28562221973004e7
0.11264000000000013	44387.43171838647	2.0727397202079013e8	2.3386727839831453e7
0.11520000000000014	44389.633181235964	2.0727393514513782e8	2.391723327615866e7
0.11776000000000014	44391.850453406834	2.072738979882798e8	2.4447738493243873e7
0.12032000000000015	44394.08235444468	2.0727386057869363e8	2.4978243491194006e7
0.12288000000000016	44396.32913863498	2.0727382291256177e8	2.5508748267709706e7
0.12544000000000016	44398.58996204297	2.0727378499790308e8	2.60392528209742e7
0.12800000000000017	44400.8640213595	2.0727374686488745e8	2.6569757152132254e7
0.13056000000000018	44403.15209552807	2.0727370849677658e8	2.7100261257897124e7
0.13312000000000018	44405.45463490578	2.0727366987801492e8	2.763076513467529e7
0.1356800000000002	44407.77081963518	2.072736310218772e8	2.8161268781523164e7
0.1382400000000002	44410.102210963385	2.072735919064327e8	2.8691772194826618e7
0.1408000000000002	44412.4480221645	2.0727355254401892e8	2.922227537353855e7
0.1433600000000002	44414.808451866906	2.072735129307976e8	2.9752778315271396e7
0.14592000000000022	44417.18373868721	2.0727347306248325e8	3.028328101756514e7
0.14848000000000022	44419.57362484323	2.0727343294446957e8	3.0813783478927914e7
0.15104000000000023	44421.978593838736	2.0727339256450304e8	3.1344285695889615e7
0.15360000000000024	44424.39860516832	2.0727335192950594e8	3.1874787667351577e7
0.15616000000000024	44426.83367291667	2.072733110251864e8	3.240528938901971e7
0.15872000000000025	44429.28425667799	2.0727326986498913e8	3.2935790861230586e7
0.16128000000000026	44431.75014044349	2.0727322843282762e8	3.3466292079124287e7
0.16384000000000026	44434.23166361352	2.0727318673695514e8	3.399679304213063e7
0.16640000000000027	44436.729195528096	2.0727314476543966e8	3.452729374642661e7
0.16896000000000028	44439.2419083796	2.0727310252724254e8	3.5057794190598495e7
0.17152000000000028	44441.77137074523	2.072730599973583e8	3.558829436949219e7
0.1740800000000003	44444.31662356255	2.0727301721088102e8	3.611879428605597e7
0.1766400000000003	44446.878423855385	2.0727297412604976e8	3.6649293931444556e7
0.1792000000000003	44449.45679618686	2.072729307569558e8	3.717979330578486e7
0.1817600000000003	44452.05146406867	2.0727288711443534e8	3.771029240850979e7
0.18432000000000032	44454.66371342541	2.072728431612569e8	3.8240791231580704e7
0.18688000000000032	44457.29217066061	2.0727279892832336e8	3.877128977713495e7
0.18944000000000033	44459.93789021618	2.072727544010565e8	3.9301788040992506e7
0.19200000000000034	44462.60112420862	2.072727095689661e8	3.983228601894992e7
0.19456000000000034	44465.281960401604	2.0727266443300736e8	4.0362783708788164e7
0.19712000000000035	44467.980065311946	2.0727261899582216e8	4.089328110829137e7
0.19968000000000036	44470.696205053435	2.07272573249263e8	4.142377821399974e7
0.20224000000000036	44473.43068379269	2.072725271884344e8	4.1954275022651345e7
0.20480000000000037	44476.18313131377	2.0727248081193423e8	4.2484771531110235e7
0.20736000000000038	44478.953646451766	2.072724341312335e8	4.3015267739270985e7
0.20992000000000038	44481.742761364134	2.0727238711788204e8	4.354576363910678e7
0.2124800000000004	44484.551338455014	2.0727233977298757e8	4.407625922883454e7
0.2150400000000004	44487.377923098065	2.0727229212246937e8	4.460675451019041e7
0.2176000000000004	44490.22393525571	2.0727224412062147e8	4.5137249471854255e7
0.2201600000000004	44493.089383732215	2.072721957978365e8	4.566774411767679e7
0.22272000000000042	44495.97479480375	2.0727214712047818e8	4.619823843796149e7
0.22528000000000042	44498.879275625484	2.0727209811522037e8	4.672873243514935e7
0.22784000000000043	44501.80400187475	2.072720487583129e8	4.725922610207219e7
0.23040000000000044	44504.74852727807	2.072719990533186e8	4.778971943635129e7
0.23296000000000044	44507.71391546737	2.0727194899772218e8	4.832021243539117e7
0.23552000000000045	44510.69967411089	2.0727189858199492e8	4.88507050937184e7
0.23808000000000046	44513.705729149115	2.0727184781560513e8	4.9381197410608515e7
0.24064000000000046	44516.733262336944	2.0727179667441678e8	4.991168937830184e7
0.24320000000000047	44519.78185566634	2.0727174516881007e8	5.0442180995963074e7
0.24576000000000048	44522.85196997639	2.0727169329569045e8	5.0972672260218814e7
0.24832000000000048	44525.94362212054	2.0727164103401744e8	5.1503163162869185e7
0.2508800000000005	44529.05743749938	2.0727158839887437e8	5.203365370501728e7
0.2534400000000005	44532.19276546181	2.0727153539417422e8	5.25641438841306e7
0.2560000000000005	44535.35092310705	2.072714819797418e8	5.30946336879008e7
0.2585600000000005	44538.531728096954	2.0727142817993084e8	5.36251231191675e7
0.2611200000000005	44541.73485728152	2.0727137398133656e8	5.415561217105806e7
0.2636800000000005	44544.962134469795	2.0727131937730563e8	5.4686100839926906e7
0.26624000000000053	44548.21175311603	2.0727126438110054e8	5.521658912468029e7
0.26880000000000054	44551.48581835902	2.072712089546693e8	5.574707701344561e7
0.27136000000000055	44554.782726703634	2.072711531333023e8	5.6277564511139005e7
0.27392000000000055	44558.10483039082	2.072710968722834e8	5.680805160401124e7
0.27648000000000056	44561.45000161979	2.0727104020464092e8	5.733853829608441e7
0.27904000000000057	44564.82066615171	2.0727098309826463e8	5.786902457684735e7
0.28160000000000057	44568.216356770536	2.0727092555483785e8	5.839951044287316e7
0.2841600000000006	44571.636741309005	2.072708675796621e8	5.892999589188181e7
0.2867200000000006	44575.08299534459	2.0727080915988684e8	5.946048091752179e7
0.2892800000000006	44578.55443311202	2.0727075028795812e8	5.9990965513507344e7
0.2918400000000006	44582.05195479753	2.0727069097485703e8	6.052144968001471e7
0.2944000000000006	44585.57659485196	2.0727063117783576e8	6.10519334016003e7
0.2969600000000006	44589.12804122284	2.072705709208195e8	6.1582416681224786e7
0.2995200000000006	44592.705538428476	2.0727051019447315e8	6.211289951182429e7
0.3020800000000006	44596.31065135554	2.0727044900138322e8	6.2643381891467765e7
0.30464000000000063	44599.9436982837	2.0727038731533858e8	6.317386380859492e7
0.30720000000000064	44603.60419704758	2.0727032514293456e8	6.3704345260897346e7
0.30976000000000065	44607.29314320363	2.0727026247665793e8	6.423482624278886e7
0.31232000000000065	44611.01005581294	2.0727019932288983e8	6.476530675192027e7
0.31488000000000066	44614.75645757113	2.0727013565848333e8	6.529578677808757e7
0.31744000000000067	44618.532077023396	2.0727007147560236e8	6.5826266314469844e7
0.3200000000000007	44622.33746272233	2.072700067695561e8	6.635674535573275e7
0.3225600000000007	44626.17236755692	2.0726994154954198e8	6.6887223900429085e7
0.3251200000000007	44630.03750060505	2.072698758092022e8	6.741770194279636e7
0.3276800000000007	44633.93315746633	2.0726980951655543e8	6.794817946832545e7
0.3302400000000007	44637.85952975099	2.0726974269050363e8	6.847865647891071e7
0.3328000000000007	44641.81726443654	2.0726967530512702e8	6.900913296202525e7
0.3353600000000007	44645.80753943806	2.0726960736514026e8	6.95396089154966e7
0.3379200000000007	44649.82938313635	2.0726953886541292e8	7.007008433243847e7
0.3404800000000007	44653.8840525993	2.072694697915826e8	7.060055920424858e7
0.34304000000000073	44657.97125257783	2.0726940014389768e8	7.113103352615692e7
0.34560000000000074	44662.09153976855	2.072693299130432e8	7.166150729065152e7
0.34816000000000075	44666.24655920025	2.072692590719104e8	7.219198048463364e7
0.35072000000000075	44670.43419276056	2.0726918766039228e8	7.272245311576562e7
0.35328000000000076	44674.65779092115	2.0726911561471778e8	7.32529251590542e7
0.35584000000000077	44678.915240630515	2.0726904296572357e8	7.378339661896464e7
0.3584000000000008	44683.209066804	2.0726896969213837e8	7.431386748459981e7
0.3609600000000008	44687.538345141045	2.0726889578082237e8	7.484433774554987e7
0.3635200000000008	44691.90338155927	2.0726882124389902e8	7.537480740124664e7
0.3660800000000008	44696.30625250682	2.0726874604170528e8	7.590527643340723e7
0.3686400000000008	44700.74572415379	2.07268670188548e8	7.64357448411269e7
0.3712000000000008	44705.22274338367	2.0726859368130004e8	7.69662126185598e7
0.3737600000000008	44709.73810191158	2.0726851648902544e8	7.749667974932726e7
0.3763200000000008	44714.29254218034	2.072684386113473e8	7.80271462281951e7
0.3788800000000008	44718.885893369195	2.0726836005277523e8	7.855761205120173e7
0.38144000000000083	44723.51824235633	2.0726828078813955e8	7.90880772032721e7
0.38400000000000084	44728.191909966845	2.072682008063619e8	7.961854167585969e7
0.38656000000000085	44732.90600156569	2.072681201113694e8	8.014900546410874e7
0.38912000000000085	44737.66155438396	2.072680386750227e8	8.067946855191536e7
0.39168000000000086	44742.45814135831	2.0726795651387554e8	8.12099309394915e7
0.39424000000000087	44747.29797586724	2.0726787359217042e8	8.17403926081993e7
0.3968000000000009	44752.18025165926	2.0726778992020702e8	8.227085355546613e7
0.3993600000000009	44757.1059896406	2.07267705474512e8	8.280131376644291e7
0.4019200000000009	44762.07607621071	2.072676202450307e8	8.333177323134258e7
0.4044800000000009	44767.09022462412	2.072675342266525e8	8.386223194156715e7
0.4070400000000009	44772.15103480042	2.0726744738914084e8	8.439268987995367e7
0.4096000000000009	44777.256243043536	2.072673597637589e8	8.492314705132172e7
0.4121600000000009	44782.40846413144	2.0726727130135298e8	8.545360343055739e7
0.4147200000000009	44787.60803980651	2.0726718199057668e8	8.598405900636569e7
0.41728000000000093	44792.85505699674	2.0726709185123044e8	8.651451378018045e7
0.41984000000000093	44798.14969966671	2.0726700085550785e8	8.704496773370637e7
0.42240000000000094	44803.495858431765	2.0726690893489242e8	8.757542083330658e7
0.42496000000000095	44808.8909971902	2.0726681615909442e8	8.8105873099648e7
0.42752000000000095	44814.33562487173	2.0726672250875017e8	8.86363245177996e7
0.43008000000000096	44819.832869057784	2.0726662789797196e8	8.916677504550871e7
0.43264000000000097	44825.381307005024	2.0726653239312243e8	8.969722470289902e7
0.435200000000001	44830.983001167675	2.0726643593321094e8	9.022767345733266e7
0.437760000000001	44836.638688280334	2.0726633850191998e8	9.07581212943368e7
0.440320000000001	44842.34678310502	2.0726624015541813e8	9.128856822988148e7
0.442880000000001	44848.11202892911	2.0726614078001544e8	9.1819014208827e7
0.445440000000001	44853.93213384222	2.0726604041027278e8	9.234945923695625e7
0.448000000000001	44859.808324443555	2.07265939043332e8	9.287990330560805e7
0.450560000000001	44865.743294628	2.0726583663195357e8	9.341034638688901e7
0.453120000000001	44871.73519952387	2.0726573319821432e8	9.3940788481321e7
0.45568000000000103	44877.78681535302	2.0726562870999792e8	9.44712295674914e7
0.45824000000000104	44883.89857989963	2.0726552312459686e8	9.500166961751013e7
0.46080000000000104	44890.0705764796	2.0726541647605082e8	9.553210863821927e7
0.46336000000000105	44896.306320445416	2.0726530867143497e8	9.606254657982013e7
0.46592000000000106	44902.6039055022	2.0726519976510322e8	9.659298345725095e7
0.46848000000000106	44908.965668593686	2.072650897124698e8	9.712341924193025e7
0.47104000000000107	44915.391989896816	2.0726497850087187e8	9.765385391879788e7
0.4736000000000011	44921.88324681504	2.0726486612209198e8	9.818428747476411e7
0.4761600000000011	44928.442766256296	2.0726475251884872e8	9.87147198748339e7
0.4787200000000011	44935.06869964794	2.0726463770746893e8	9.924515111593151e7
0.4812800000000011	44941.76432258728	2.0726452165835163e8	9.977558117572111e7
0.4838400000000011	44948.5305976288	2.0726440433061904e8	1.0030601002488022e8
0.4864000000000011	44955.36572251847	2.0726428576003456e8	1.0083643766951612e8
0.4889600000000011	44962.27637415051	2.07264165844832e8	1.0136686405320753e8
0.4915200000000011	44969.257554590295	2.0726404462974027e8	1.0189728918449153e8
0.49408000000000113	44976.31556335066	2.0726392205890903e8	1.0242771302843583e8
0.49664000000000114	44983.44673028647	2.0726379814853677e8	1.0295813558023569e8
0.49920000000000114	44990.65592045765	2.0726367282896796e8	1.03488556796706e8
0.5017600000000011	44997.94319997422	2.0726354611064383e8	1.0401897667169684e8
0.5043200000000011	45005.311087391165	2.0726341791945127e8	1.0454939515773769e8
0.5068800000000011	45012.757953159795	2.0726328832226163e8	1.0507981227599007e8
0.5094400000000011	45020.28795181592	2.0726315719139737e8	1.0561022795204334e8
0.5120000000000011	45027.901888312226	2.072630245800645e8	1.0614064220111476e8
0.5145600000000011	45035.599212905785	2.07262890419912e8	1.0667105497575207e8
0.5171200000000011	45043.385520442214	2.072627546695136e8	1.0720146624469922e8
0.5196800000000011	45051.25777008717	2.0726261734904218e8	1.077318760040826e8
0.5222400000000011	45059.21978700549	2.0726247837681785e8	1.0826228420035504e8
0.5248000000000012	45067.27149686335	2.072623378222331e8	1.0879269085652348e8
0.5273600000000012	45075.41716151791	2.0726219552518222e8	1.0932309587732755e8
0.5299200000000012	45083.65542254719	2.0726205156137335e8	1.0985349928814425e8
0.5324800000000012	45091.9916641555	2.072619058086895e8	1.1038390101295406e8
0.5350400000000012	45100.42200795469	2.0726175833726057e8	1.1091430107298496e8
0.5376000000000012	45108.95385357039	2.072616090444844e8	1.1144469940257697e8
0.5401600000000012	45117.583805016795	2.0726145792254922e8	1.1197509598118132e8
0.5427200000000012	45126.318774927604	2.072613049165375e8	1.1250549076735288e8
0.5452800000000012	45135.15683916965	2.0726115000725627e8	1.1303588373447485e8
0.5478400000000012	45144.101686644215	2.0726099316750884e8	1.1356627485390693e8
0.5504000000000012	45153.15460731316	2.0726083430809516e8	1.1409666406148727e8
0.5529600000000012	45162.31746979133	2.0726067349175942e8	1.1462705137640524e8
0.5555200000000012	45171.593167802785	2.072605105774366e8	1.1515743670570906e8
0.5580800000000012	45180.98242737495	2.0726034556682837e8	1.1568782003369014e8
0.5606400000000012	45190.48922632715	2.0726017843479154e8	1.1621820133102825e8
0.5632000000000013	45200.11445161516	2.0726000910631564e8	1.167485805386697e8
0.5657600000000013	45209.86054543381	2.0725983757873866e8	1.1727895763839069e8
0.5683200000000013	45219.7288772074	2.0725966377167463e8	1.178093325672801e8
0.5708800000000013	45229.72302979076	2.0725948768736744e8	1.1833970530971114e8
0.5734400000000013	45239.84519286393	2.0725930923064458e8	1.1887007579358657e8
0.5760000000000013	45250.09787344407	2.072591283732513e8	1.1940044398449135e8
0.5785600000000013	45260.484130161945	2.0725894506625226e8	1.19930809835963e8
0.5811200000000013	45271.00349863269	2.0725875927374935e8	1.20461173307107e8
0.5836800000000013	45281.664702202324	2.0725857088161993e8	1.2099153431483302e8
0.5862400000000013	45292.4652936192	2.0725837992139152e8	1.2152189285555673e8
0.5888000000000013	45303.407144217315	2.072581863391992e8	1.2205224887753844e8
0.5913600000000013	45314.49861474037	2.0725798995595932e8	1.225826022570703e8
0.5939200000000013	45325.73717178967	2.072577908917456e8	1.2311295304177654e8
0.5964800000000013	45337.13148793824	2.0725758893941504e8	1.2364330108988059e8
0.5990400000000013	45348.68107555024	2.0725738407989156e8	1.2417364636638257e8
0.6016000000000014	45360.386101418735	2.072571763584477e8	1.2470398887506522e8
0.6041600000000014	45372.25710329422	2.0725696553783166e8	1.2523432845358843e8
0.6067200000000014	45384.2928478451	2.0725675163603815e8	1.2576466508730856e8
0.6092800000000014	45396.50038342188	2.0725653458923513e8	1.2629499871515927e8
0.6118400000000014	45408.876342552954	2.0725631437132317e8	1.2682532929439178e8
0.6144000000000014	45421.43098174229	2.0725609081437722e8	1.2735565670014021e8
0.6169600000000014	45434.166588362175	2.0725586387816787e8	1.2788598088144474e8
0.6195200000000014	45447.087208625	2.0725563346491325e8	1.2841630175192448e8
0.6220800000000014	45460.194058524205	2.0725539959351254e8	1.2894661929567116e8
0.6246400000000014	45473.49368560375	2.0725516214593428e8	1.294769334134265e8
0.6272000000000014	45486.98804870606	2.0725492096759215e8	1.3000724398001865e8
0.6297600000000014	45500.686514674366	2.0725467604002738e8	1.3053755095714313e8
0.6323200000000014	45514.59095696916	2.0725442720953175e8	1.3106785421793447e8
0.6348800000000014	45528.70343878148	2.0725417449931765e8	1.3159815374632666e8
0.6374400000000014	45543.03433412787	2.072539176577445e8	1.3212844935428113e8
0.6400000000000015	45557.584899271635	2.0725365668774477e8	1.326587410107207e8
0.6425600000000015	45572.359128277	2.0725339149255478e8	1.3318902862150311e8
0.6451200000000015	45587.363670230785	2.072531219445289e8	1.3371931207247408e8
0.6476800000000015	45602.606300760075	2.0725284789488605e8	1.34249591234812e8
0.6502400000000015	45618.088739608706	2.0725256931891102e8	1.347798660566466e8
0.6528000000000015	45633.81710201626	2.07252286092039e8	1.353101364221812e8
0.6553600000000015	45649.79944351704	2.0725199808488315e8	1.3584040221178955e8
0.6579200000000015	45666.04520888752	2.0725170502846706e8	1.3637066321307442e8
0.6604800000000015	45682.554466039044	2.0725140698686647e8	1.3690091942757818e8
0.6630400000000015	45699.33520792786	2.0725110380351222e8	1.3743117071387273e8
0.6656000000000015	45716.40060398667	2.0725079519244227e8	1.3796141684445184e8
0.6681600000000015	45733.74748457104	2.0725048116247433e8	1.3849165778028443e8
0.6707200000000015	45751.393003513935	2.0725016150645843e8	1.3902189334430033e8
0.6732800000000015	45769.33439313429	2.0724983614307955e8	1.3955212343534583e8
0.6758400000000016	45787.58680774549	2.0724950482829818e8	1.4008234784729695e8
0.6784000000000016	45806.15652089538	2.072491674643505e8	1.406125664677528e8
0.6809600000000016	45825.04954344215	2.0724882394668794e8	1.4114277917854327e8
0.6835200000000016	45844.279320886664	2.0724847391159755e8	1.4167298568557495e8
0.6860800000000016	45863.852993475564	2.072481172425595e8	1.4220318585850728e8
0.6886400000000016	45883.77873170628	2.072477538621783e8	1.427333795929967e8
0.6912000000000016	45904.061998447294	2.0724738360866842e8	1.4326356672465706e8
0.6937600000000016	45924.72672532286	2.072470059331181e8	1.4379374682447273e8
0.6963200000000016	45945.76740451249	2.072466209856228e8	1.443239199353546e8
0.6988800000000016	45967.20505763606	2.072462284206116e8	1.448540857633843e8
0.7014400000000016	45989.04297435487	2.07245828068865e8	1.453842441292954e8
0.7040000000000016	46011.3006738004	2.0724541956879187e8	1.4591439472142923e8
0.7065600000000016	46033.982198549864	2.0724500284523344e8	1.4644453742206484e8
0.7091200000000016	46057.10684560059	2.0724457743039978e8	1.4697467183868468e8
0.7116800000000016	46080.68778612421	2.072441432606284e8	1.4750479785962686e8
0.7142400000000017	46104.73077477703	2.0724369992700794e8	1.480349151237327e8
0.7168000000000017	46129.257195241094	2.072432472874508e8	1.4856502346128276e8
0.7193600000000017	46154.285641486065	2.0724278474683994e8	1.4909512237420955e8
0.7219200000000017	46179.816146384124	2.0724231236820936e8	1.4962521182813206e8
0.7244800000000017	46205.8807027381	2.0724182953319386e8	1.5015529130445987e8
0.7270400000000017	46232.48091904987	2.0724133613241085e8	1.506853606397e8
0.7296000000000017	46259.642814586856	2.072408316690987e8	1.5121541939319184e8
0.7321600000000017	46287.38779470828	2.0724031577071452e8	1.5174546720863363e8
0.7347200000000017	46315.72777844811	2.072397880202161e8	1.522755036904786e8
0.7372800000000017	46344.687493810234	2.072392480881541e8	1.52805528506733e8
0.7398400000000017	46374.27824930218	2.07238695551031e8	1.533355412487045e8
0.7424000000000017	46404.53237318739	2.072381300367056e8	1.5386554154678994e8
0.7449600000000017	46435.473385880425	2.072375507274554e8	1.543955286930579e8
0.7475200000000017	46467.11299579703	2.0723695754008505e8	1.549255025170539e8
0.7500800000000017	46499.48267590871	2.0723634966350457e8	1.5545546230631223e8
0.7526400000000018	46532.609167559865	2.072357267736617e8	1.559854077051328e8
0.7552000000000018	46566.51168782597	2.0723508822236001e8	1.565153381075878e8
0.7577600000000018	46601.22392975048	2.072344335096116e8	1.570452530167284e8
0.7603200000000018	46636.78234990212	2.0723376176218778e8	1.575751516470206e8
0.7628800000000018	46673.208130841675	2.0723307243084624e8	1.5810503344715634e8
0.7654400000000018	46710.53098582518	2.072323651268654e8	1.5863489798485625e8
0.7680000000000018	46748.80171739339	2.0723163865828592e8	1.5916474421156237e8
0.7705600000000018	46788.03483389128	2.0723089274125588e8	1.596945717574148e8
0.7731200000000018	46828.285049021426	2.0723012584304106e8	1.602243792930842e8
0.7756800000000018	46869.58045130744	2.0722933803356218e8	1.607541667101607e8
0.7782400000000018	46911.97968239245	2.0722852750401375e8	1.612839324453384e8
0.7808000000000018	46955.498414958	2.0722769415893635e8	1.6181367624455044e8
0.7833600000000018	47000.20903787655	2.072268363813358e8	1.6234339667296955e8
0.7859200000000018	47046.14649403809	2.0722595348007593e8	1.628730929981031e8
0.7884800000000018	47093.375696929426	2.0722504383618167e8	1.6340276375478032e8
0.7910400000000019	47141.943810192635	2.0722410663628578e8	1.6393240809414646e8
0.7936000000000019	47191.906093374564	2.0722314074424887e8	1.6446202490405396e8
0.7961600000000019	47243.33376027087	2.072221443552348e8	1.649916125310178e8
0.7987200000000019	47296.27500419976	2.07221116422021e8	1.6552116990282986e8
0.8012800000000019	47350.824627822214	2.0722005505716583e8	1.6605069527207625e8
0.8038400000000019	47407.03042274309	2.072189591826083e8	1.6658018751243597e8
0.8064000000000019	47464.98221397115	2.072178269161045e8	1.6710964484570366e8
0.8089600000000019	47524.76788666037	2.072166560333785e8	1.6763906519641933e8
0.8115200000000019	47586.48528443076	2.072154444920234e8	1.6816844661491364e8
0.8140800000000019	47650.18273559142	2.072141912058292e8	1.6869778789881602e8
0.8166400000000019	47716.028678527924	2.072128923932818e8	1.6922708565506855e8
0.8192000000000019	47784.07844627149	2.0721154713446972e8	1.6975633877394107e8
0.8217600000000019	47854.491392095486	2.0721015123223186e8	1.7028554346114498e8
0.8243200000000019	47927.3367044216	2.072087035098928e8	1.7081469835178745e8
0.826880000000002	48002.80790464099	2.072071998927832e8	1.713437996934494e8
0.829440000000002	48080.97260692046	2.072056382513419e8	1.7187284528188127e8
0.832000000000002	48162.08956527517	2.072040131340216e8	1.7240183015855336e8
0.834560000000002	48246.22118498129	2.072023232151266e8	1.7293075271724933e8
0.837120000000002	48333.63564708987	2.0720056195926318e8	1.73459607009913e8
0.839680000000002	48424.42615467716	2.0719872788372546e8	1.7398839123340812e8
0.842240000000002	48518.89797589055	2.071968129648175e8	1.7451709809283298e8
0.844800000000002	48617.242198614214	2.0719481395391226e8	1.7504572422425473e8
0.847360000000002	48719.68434756391	2.0719272515731907e8	1.755742641619251e8
0.849920000000002	48826.54997460436	2.071905387608854e8	1.761027105922723e8
0.852480000000002	48938.076965835324	2.0718825018423346e8	1.7663105886216974e8
0.855040000000002	49054.615644260346	2.0718585001743922e8	1.7715930015599543e8
0.857600000000002	49176.468224562406	2.0718333266831326e8	1.7768742882542104e8
0.860160000000002	49304.12408849624	2.0718068603090444e8	1.782154335850557e8
0.862720000000002	49437.91161966663	2.0717790186100698e8	1.787433063300355e8
0.865280000000002	49578.35589031783	2.0717496895115253e8	1.7927103633015922e8
0.867840000000002	49726.01508689907	2.0717187463066268e8	1.797986114696286e8
0.8704000000000021	49881.321804324194	2.0716860733638465e8	1.8032602044489548e8
0.8729600000000021	50045.08402634186	2.0716514932046196e8	1.808532464782656e8
0.8755200000000021	50217.88675339374	2.071614858604198e8	1.8138027522305825e8
0.8780800000000021	50400.70357597889	2.0715759490865967e8	1.819070857911763e8
0.8806400000000021	50594.294839904054	2.0715345832342562e8	1.8243366047297406e8
0.8832000000000021	50799.863031030145	2.0714904863423914e8	1.8295997317776245e8
0.8857600000000021	51018.499192340016	2.0714433935220614e8	1.8348599837795827e8
0.8883200000000021	51251.63657647606	2.0713929761446527e8	1.8401170463965508e8
0.8908800000000021	51500.7885208474	2.0713388705782363e8	1.8453705706811774e8
0.8934400000000021	51767.72336511315	2.0712806741072717e8	1.8506201691604233e8
0.8960000000000021	52054.77905766858	2.071217843619774e8	1.855865324853542e8
0.8985600000000021	52364.09972237101	2.0711498878770456e8	1.8611055613935608e8
0.9011200000000021	52699.129765855025	2.071076011555969e8	1.866340124432832e8
0.9036800000000021	53062.99909560035	2.070995502184735e8	1.8715683256950346e8
0.9062400000000022	53460.76275913921	2.070907234783772e8	1.876789097261613e8
0.9088000000000022	53897.4231355592	2.0708100901263362e8	1.8820013643567184e8
0.9113600000000022	54380.13925469505	2.07070246524722e8	1.8872036012831464e8
0.9139200000000022	54917.527730392445	2.070582531179781e8	1.8923940599037004e8
0.9164800000000022	55520.28199891194	2.070447982859561e8	1.8975705378706604e8
0.9190400000000022	56204.77416081797	2.0702954039032328e8	1.9027297913883922e8
0.9216000000000022	56992.191583712956	2.0701205261478144e8	1.907867758776032e8
0.9241600000000022	57914.40087323135	2.0699169888543352e8	1.9129784067012492e8
0.9267200000000022	59018.615374476074	2.069675922331858e8	1.9180533195847306e8
0.9292800000000022	60384.287298600866	2.0693826824984372e8	1.92307864296013e8
0.9318400000000022	62156.91928531704	2.069011338265795e8	1.9280298916057882e8
0.9344000000000022	64606.76321227211	2.068515865711798e8	1.932863606957776e8
0.9369600000000022	68372.43601958522	2.0677912953650904e8	1.9374808340889463e8
0.9395200000000022	75573.03817013038	2.0665026786958632e8	1.9415663032618275e8
0.9420800000000022	96730.38669281454	2.0630175881664178e8	1.9435836356997958e8
0.9446400000000023	142496.45349390438	2.0554994771508503e8	1.941785912132438e8
0.9472000000000023	181363.29639973585	2.0488213304240075e8	1.9407393239981237e8
0.9497600000000023	213798.27182498985	2.0429341048361894e8	1.940404507660989e8
0.9523200000000023	244513.96259959563	2.037022856644561e8	1.9400141910971206e8
0.9548800000000023	273645.7906210999	2.031069675983469e8	1.9395512811838275e8
0.9574400000000023	302603.30109666515	2.024779948502181e8	1.9387341018588793e8
0.9600000000000023	345145.9148626195	2.015119352350335e8	1.9346526366222712e8
0.9625600000000023	398887.03930251685	2.0020766034684408e8	1.9272681987421018e8
0.9651200000000023	462022.68924233457	1.9855432768921942e8	1.9164486809082067e8
0.9676800000000023	538349.0181284451	1.963798958439318e8	1.900502970505223e8
0.9702400000000023	626482.9070668098	1.9366632813914835e8	1.8792146234504205e8
0.9728000000000023	709113.0518650382	1.9086347512958056e8	1.8569127648106715e8
0.9753600000000023	816286.1860724043	1.8686066117580423e8	1.8227652777605766e8
0.9779200000000023	953506.5754861041	1.811846338785754e8	1.772051305877236e8
0.9804800000000023	1.0723807991731907e6	1.7565784628304935e8	1.7224993799680448e8
0.9804900000000023	1.0903482604540058e6	1.74843161982874e8	1.7145324458714998e8
0.9817700000000023	1.1998931377701648e6	1.6935986795220816e8	1.6629431161134133e8
0.9830500000000022	1.2843617245718034e6	1.6464426454151982e8	1.6187531418877292e8
0.9843300000000021	1.374314052863788e6	1.5921187260206985e8	1.5673855805960414e8
0.9856100000000021	1.4735745406497158e6	1.5273360650073183e8	1.5055697464082655e8
0.986890000000002	1.607553278371434e6	1.430943683261227e8	1.4123947618084696e8
0.987530000000002	1.7261873011347193e6	1.3401100775070252e8	1.3236141603969668e8
0.988170000000002	1.8372343280220046e6	1.2503410921184836e8	1.2357669018197295e8
0.988490000000002	1.8769350517397593e6	1.21662852484322e8	1.202841165746732e8
0.988810000000002	1.9577595662919665e6	1.1468155215114482e8	1.1342017291212054e8
0.9894500000000019	2.0768774696190443e6	1.0382550714150149e8	1.0275205909846331e8
0.9897700000000019	2.1308297504912885e6	9.87015721716912e7	9.771365347672251e7
0.9904100000000019	2.250209305102384e6	8.683237992233598e7	8.602123690611687e7
0.9910500000000019	2.32318199193115e6	7.901772109655918e7	7.83313049715729e7
0.9913700000000019	2.3951271155938325e6	7.091613440933144e7	7.03247981163866e7
0.9916900000000018	2.463002639629694e6	6.296977504336858e7	6.246696376469362e7
0.9920100000000018	2.5755473771202904e6	4.935523500265685e7	4.8981465298528895e7
0.9921700000000019	2.5867698685295824e6	4.79468713804788e7	4.759170178564032e7
0.9922500000000019	2.598911416949808e6	4.640039340954441e7	4.606093192410188e7
0.9922700000000019	2.602998778065102e6	4.587667970288223e7	4.554217414933347e7
0.9922800000000018	2.605248234318454e6	4.5587882292173505e7	4.525605635724694e7
0.9922900000000018	2.649389881803136e6	4.006295737465677e7	3.977449876928693e7
0.9926100000000018	2.69339474105531e6	3.426510627397895e7	3.40317913257507e7
0.9929300000000018	2.7571966327621434e6	2.546943641830775e7	2.5308860883023985e7
0.9935700000000017	2.829197396316846e6	1.5117910280423522e7	1.5038893856578737e7
0.9942100000000017	2.8650660260409033e6	9.219472328772217e6	9.182680316279415e6
0.9993300000000017	2.899408e6	2.899408e6	2.899408e6
